 -0.993634650899027      -0.980983487063205     
 -0.987274388652008      -0.961981864466470     
 -0.980924275764164      -0.943009950180744     
 -0.974589326333884      -0.924082417893091     
 -0.968274482569446      -0.905213727008133     
 -0.961984592152050      -0.886418055619357     
 -0.955724386698215      -0.867709237048426     
 -0.948485545682221      -0.846047775595998     
 -0.942179381597277      -0.827194246622489     
 -0.935918774146418      -0.808474257821010     
 -0.929708019441345      -0.789900369818415     
 -0.923551193823382      -0.771484494728655     
 -0.915810733053819      -0.748289632376220     
 -0.909665529398267      -0.729899224353826     
 -0.903588752020770      -0.711709593973425     
 -0.895556193563041      -0.687616838955528     
 -0.889526860478581      -0.669559100113052     
 -0.883579018163154      -0.651740773271167     
 -0.875318036859476      -0.626940395720578     
 -0.869452412911377      -0.609357651773066     
 -0.861017258455000      -0.584018365955707     
 -0.855258359386161      -0.566744611588137     
 -0.846681689618646      -0.540965036372210     
 -0.841053001855749      -0.524070840638542     
 -0.832369333168643      -0.497955491204732     
 -0.826892752731420      -0.481506897760069     
 -0.818137631821624      -0.455163668023728     
 -0.812832958189001      -0.439220707351502     
 -0.809276571136093      -0.428495323994231     
 -0.804042103063342      -0.412758280581667     
 -0.795167235300867      -0.386037732790686     
 -0.786221120842539      -0.359098342193265     
 -0.781281570875751      -0.344233759128398     
 -0.777217180298821      -0.331981373716483     
 -0.772379242591584      -0.317418277502494     
 -0.768169377351020      -0.304729735951000     
 -0.763441717870313      -0.290494549272416     
 -0.759092094675648      -0.277387601096600     
 -0.754482941417235      -0.263505467310127     
 -0.745517058582765      -0.236494532689875     
 -0.740907905324352      -0.222612398903399     
 -0.736558282129687      -0.209505450727585     
 -0.731830622648980      -0.195270264049000     
 -0.727620757408416      -0.182581722497508     
 -0.722782819701179      -0.168018626283517     
 -0.718718429124249      -0.155766240871603     
 -0.713778879157461      -0.140901657806734     
 -0.704832764699133      -0.113962267209314     
 -0.695957896936658      -8.724171941833225E-002
 -0.690723428863907      -7.150467600576987E-002
 -0.687167041810999      -6.077929264849806E-002
 -0.681862368178376      -4.483633197627386E-002
 -0.673107247268580      -1.849310223993254E-002
 -0.667630666831357      -2.044508795268017E-003
 -0.658946998144251       2.407084063854356E-002
 -0.653318310381354       4.096503637220882E-002
 -0.644741640613839       6.674461158813424E-002
 -0.638982741545000       8.401836595570907E-002
 -0.630547587088623       0.109357651773066     
 -0.624681963140524       0.126940395720576     
 -0.616420981836845       0.151740773271166     
 -0.610473139521419       0.169559100113054     
 -0.604443806436959       0.187616838955525     
 -0.596411247979230       0.211709593973425     
 -0.590334470601733       0.229899224353828     
 -0.584189266946181       0.248289632376217     
 -0.576448806176618       0.271484494728654     
 -0.570291980558655       0.289900369818419     
 -0.564081225853582       0.308474257821007     
 -0.557820618402723       0.327194246622494     
 -0.551514454317779       0.346047775595994     
 -0.544275613301785       0.367709237048425     
 -0.538015407847950       0.386418055619356     
 -0.531725517430554       0.405213727008134     
 -0.525410673666116       0.424082417893090     
 -0.519075724235836       0.443009950180747     
 -0.512725611347992       0.461981864466468     
 -0.506365349100973       0.480983487063199     
 -0.500000000000000       0.499999999999982     
 -0.493634650899027       0.519016512936831     
 -0.487274388652008       0.538018135533514     
 -0.480924275764164       0.556990049819261     
 -0.474589326333884       0.575917582106908     
 -0.468274482569446       0.594786272991867     
 -0.461984592152050       0.613581944380643     
 -0.455724386698215       0.632290762951574     
 -0.448485545682221       0.653952224404032     
 -0.442179381597277       0.672805753377478     
 -0.435918774146418       0.691525742178992     
 -0.429708019441345       0.710099630181581     
 -0.423551193823382       0.728515505271346     
 -0.415810733053819       0.751710367623782     
 -0.409665529398267       0.770100775646172     
 -0.403588752020770       0.788290406026575     
 -0.395556193563041       0.812383161044474     
 -0.389526860478581       0.830440899886948     
 -0.383579018163155       0.848259226728833     
 -0.375318036859476       0.873059604279423     
 -0.369452412911377       0.890642348226934     
 -0.361017258455000       0.915981634044293     
 -0.355258359386161       0.933255388411864     
 -0.346681689618646       0.959034963627791     
 -0.341053001855749       0.975929159361457     
 -0.332369333168643      -0.997955491204731     
 -0.326892752731420      -0.981506897760068     
 -0.318137631821624      -0.955163668023727     
 -0.312832958189001      -0.939220707351501     
 -0.309276571136093      -0.928495323994230     
 -0.304042103063342      -0.912758280581666     
 -0.295167235300867      -0.886037732790686     
 -0.286221120842539      -0.859098342193265     
 -0.281281570875751      -0.844233759128398     
 -0.277217180298821      -0.831981373716483     
 -0.272379242591584      -0.817418277502493     
 -0.268169377351020      -0.804729735951001     
 -0.263441717870313      -0.790494549272414     
 -0.259092094675648      -0.777387601096600     
 -0.254482941417235      -0.763505467310125     
 -0.245517058582765      -0.736494532689874     
 -0.240907905324352      -0.722612398903399     
 -0.236558282129687      -0.709505450727586     
 -0.231830622648980      -0.695270264048999     
 -0.227620757408416      -0.682581722497507     
 -0.222782819701179      -0.668018626283517     
 -0.218718429124249      -0.655766240871602     
 -0.213778879157461      -0.640901657806735     
 -0.204832764699133      -0.613962267209310     
 -0.195957896936658      -0.587241719418332     
 -0.190723428863907      -0.571504676005769     
 -0.187167041810999      -0.560779292648498     
 -0.181862368178376      -0.544836331976274     
 -0.173107247268580      -0.518493102239931     
 -0.167630666831357      -0.502044508795268     
 -0.158946998144251      -0.475929159361458     
 -0.153318310381354      -0.459034963627790     
 -0.144741640613839      -0.433255388411864     
 -0.138982741545000      -0.415981634044292     
 -0.130547587088623      -0.390642348226934     
 -0.124681963140524      -0.373059604279423     
 -0.116420981836845      -0.348259226728834     
 -0.110473139521419      -0.330440899886944     
 -0.104443806436959      -0.312383161044477     
 -9.641124797922958E-002 -0.288290406026575     
 -9.033447060173311E-002 -0.270100775646171     
 -8.418926694618109E-002 -0.251710367623779     
 -7.644880617661799E-002 -0.228515505271346     
 -7.029198055865539E-002 -0.210099630181581     
 -6.408122585358175E-002 -0.191525742178993     
 -5.782061840272255E-002 -0.172805753377481     
 -5.151445431777945E-002 -0.153952224404029     
 -4.427561330178533E-002 -0.132290762951577     
 -3.801540784794967E-002 -0.113581944380640     
 -3.172551743055357E-002 -9.478627299186949E-002
 -2.541067366611590E-002 -7.591758210690827E-002
 -1.907572423583623E-002 -5.699004981925053E-002
 -1.272561134799183E-002 -3.801813553353501E-002
 -6.365349100972797E-003 -1.901651293683453E-002
  0.000000000000000E+000  1.519087116570921E-014
  6.365349100972797E-003  1.901651293681586E-002
  1.272561134799183E-002  3.801813553353679E-002
  1.907572423583623E-002  5.699004981925081E-002
  2.541067366611590E-002  7.591758210690841E-002
  3.172551743055357E-002  9.478627299186804E-002
  3.801540784794967E-002  0.113581944380643     
  4.427561330178533E-002  0.132290762951575     
  5.151445431777945E-002  0.153952224404019     
  5.782061840272255E-002  0.172805753377493     
  6.408122585358175E-002  0.191525742178990     
  7.029198055865539E-002  0.210099630181584     
  7.644880617661799E-002  0.228515505271344     
  8.418926694618109E-002  0.251710367623779     
  9.033447060173311E-002  0.270100775646173     
  9.641124797922958E-002  0.288290406026575     
  0.104443806436959       0.312383161044473     
  0.110473139521419       0.330440899886946     
  0.116420981836845       0.348259226728834     
  0.124681963140524       0.373059604279423     
  0.130547587088623       0.390642348226935     
  0.138982741545000       0.415981634044292     
  0.144741640613839       0.433255388411864     
  0.153318310381354       0.459034963627790     
  0.158946998144251       0.475929159361456     
  0.167630666831357       0.502044508795269     
  0.173107247268580       0.518493102239932     
  0.181862368178376       0.544836331976273     
  0.187167041810999       0.560779292648498     
  0.190723428863907       0.571504676005769     
  0.195957896936658       0.587241719418332     
  0.204832764699133       0.613962267209310     
  0.213778879157461       0.640901657806734     
  0.218718429124249       0.655766240871602     
  0.222782819701179       0.668018626283517     
  0.227620757408416       0.682581722497506     
  0.231830622648980       0.695270264048999     
  0.236558282129687       0.709505450727585     
  0.240907905324352       0.722612398903399     
  0.245517058582765       0.736494532689874     
  0.254482941417235       0.763505467310126     
  0.259092094675648       0.777387601096599     
  0.263441717870313       0.790494549272415     
  0.268169377351020       0.804729735951000     
  0.272379242591584       0.817418277502493     
  0.277217180298821       0.831981373716483     
  0.281281570875751       0.844233759128397     
  0.286221120842539       0.859098342193264     
  0.295167235300867       0.886037732790686     
  0.304042103063342       0.912758280581666     
  0.309276571136093       0.928495323994230     
  0.312832958189001       0.939220707351501     
  0.318137631821624       0.955163668023727     
  0.326892752731420       0.981506897760068     
  0.332369333168643       0.997955491204731     
  0.341053001855749      -0.975929159361457     
  0.346681689618646      -0.959034963627791     
  0.355258359386161      -0.933255388411864     
  0.361017258455000      -0.915981634044293     
  0.369452412911377      -0.890642348226935     
  0.375318036859476      -0.873059604279422     
  0.383579018163155      -0.848259226728834     
  0.389526860478581      -0.830440899886946     
  0.395556193563041      -0.812383161044475     
  0.403588752020770      -0.788290406026576     
  0.409665529398267      -0.770100775646171     
  0.415810733053819      -0.751710367623780     
  0.423551193823382      -0.728515505271346     
  0.429708019441345      -0.710099630181582     
  0.435918774146418      -0.691525742178993     
  0.442179381597277      -0.672805753377524     
  0.448485545682221      -0.653952224403993     
  0.455724386698215      -0.632290762951575     
  0.461984592152050      -0.613581944380643     
  0.468274482569446      -0.594786272991867     
  0.474589326333884      -0.575917582106910     
  0.480924275764164      -0.556990049819256     
  0.487274388652008      -0.538018135533518     
  0.493634650899027      -0.519016512936846     
  0.500000000000000      -0.499999999999985     
  0.506365349100973      -0.480983487063180     
  0.512725611347992      -0.461981864466470     
  0.519075724235836      -0.443009950180746     
  0.525410673666116      -0.424082417893095     
  0.531725517430554      -0.405213727008131     
  0.538015407847950      -0.386418055619359     
  0.544275613301785      -0.367709237048425     
  0.551514454317779      -0.346047775596003     
  0.557820618402723      -0.327194246622485     
  0.564081225853582      -0.308474257821009     
  0.570291980558655      -0.289900369818417     
  0.576448806176618      -0.271484494728656     
  0.584189266946181      -0.248289632376221     
  0.590334470601733      -0.229899224353828     
  0.596411247979230      -0.211709593973426     
  0.604443806436959      -0.187616838955526     
  0.610473139521419      -0.169559100113055     
  0.616420981836845      -0.151740773271166     
  0.624681963140524      -0.126940395720577     
  0.630547587088623      -0.109357651773066     
  0.638982741545000      -8.401836595570972E-002
  0.644741640613839      -6.674461158813470E-002
  0.653318310381354      -4.096503637220941E-002
  0.658946998144251      -2.407084063854387E-002
  0.667630666831357       2.044508795267750E-003
  0.673107247268580       1.849310223993227E-002
  0.681862368178376       4.483633197627339E-002
  0.687167041810999       6.077929264849817E-002
  0.690723428863907       7.150467600576860E-002
  0.695957896936658       8.724171941833200E-002
  0.704832764699133       0.113962267209313     
  0.713778879157461       0.140901657806735     
  0.718718429124249       0.155766240871602     
  0.722782819701179       0.168018626283517     
  0.727620757408416       0.182581722497507     
  0.731830622648980       0.195270264048999     
  0.736558282129687       0.209505450727585     
  0.740907905324352       0.222612398903399     
  0.745517058582765       0.236494532689874     
  0.754482941417235       0.263505467310125     
  0.759092094675648       0.277387601096600     
  0.763441717870313       0.290494549272414     
  0.768169377351020       0.304729735951000     
  0.772379242591584       0.317418277502492     
  0.777217180298821       0.331981373716482     
  0.781281570875751       0.344233759128398     
  0.786221120842539       0.359098342193264     
  0.795167235300867       0.386037732790686     
  0.804042103063342       0.412758280581666     
  0.809276571136093       0.428495323994230     
  0.812832958189001       0.439220707351501     
  0.818137631821624       0.455163668023726     
  0.826892752731420       0.481506897760068     
  0.832369333168643       0.497955491204731     
  0.841053001855749       0.524070840638543     
  0.846681689618646       0.540965036372209     
  0.855258359386161       0.566744611588135     
  0.861017258455000       0.584018365955708     
  0.869452412911377       0.609357651773066     
  0.875318036859476       0.626940395720577     
  0.883579018163154       0.651740773271166     
  0.889526860478581       0.669559100113052     
  0.895556193563041       0.687616838955527     
  0.903588752020770       0.711709593973424     
  0.909665529398267       0.729899224353829     
  0.915810733053819       0.748289632376218     
  0.923551193823382       0.771484494728655     
  0.929708019441345       0.789900369818414     
  0.935918774146418       0.808474257821012     
  0.942179381597277       0.827194246622461     
  0.948485545682221       0.846047775596024     
  0.955724386698215       0.867709237048425     
  0.961984592152050       0.886418055619357     
  0.968274482569446       0.905213727008131     
  0.974589326333884       0.924082417893095     
  0.980924275764164       0.943009950180744     
  0.987274388652008       0.961981864466467     
  0.993634650899027       0.980983487063190     
   1.00000000000000      -0.999999999999985     
