 -0.993634650899027      -0.968173254625833     
 -0.987274388652008      -0.936371944887705     
 -0.980924275764164      -0.904621379276723     
 -0.974589326333884      -0.872946624052112     
 -0.968274482569446      -0.841372414253364     
 -0.961984592152050      -0.809922969473054     
 -0.955724386698215      -0.778621928314251     
 -0.948485545682221      -0.742427740208917     
 -0.942179381597277      -0.710896920372492     
 -0.935918774146418      -0.679593874867018     
 -0.929708019441345      -0.648540093112818     
 -0.923551193823382      -0.617755975151094     
 -0.915810733053819      -0.579053667411487     
 -0.909665529398267      -0.548327647488404     
 -0.903588752020770      -0.517943759570267     
 -0.895556193563041      -0.477780966489724     
 -0.889526860478581      -0.447634301996239     
 -0.883579018163154      -0.417895085529452     
 -0.875318036859476      -0.376590185539888     
 -0.869452412911377      -0.347262064850234     
 -0.861017258455000      -0.305086286668772     
 -0.855258359386161      -0.276291796117906     
 -0.846681689618646      -0.233408451036983     
 -0.841053001855749      -0.205265005767892     
 -0.832369333168643      -0.161846663863094     
 -0.826892752731420      -0.134463761072838     
 -0.818137631821624      -9.068816062950764E-002
 -0.812832958189001      -6.416479159109136E-002
 -0.809276571136093      -4.638285826660135E-002
 -0.804042103063342      -2.021051437540210E-002
 -0.795167235300867       2.416382178356655E-002
 -0.786221120842539       6.889439855739683E-002
 -0.781281570875751       9.359214822552675E-002
 -0.777217180298821       0.113914101231178     
 -0.772379242591584       0.138103792565661     
 -0.768169377351020       0.159153114264720     
 -0.763441717870313       0.182791399697875     
 -0.759092094675648       0.204539525672915     
 -0.754482941417235       0.227585292723430     
 -0.745517058582765       0.272414707276570     
 -0.740907905324352       0.295460474327085     
 -0.736558282129687       0.317208600302125     
 -0.731830622648980       0.340846885735280     
 -0.727620757408416       0.361896207434339     
 -0.722782819701179       0.386085898768822     
 -0.718718429124249       0.406407851774473     
 -0.713778879157461       0.431105601442603     
 -0.704832764699133       0.475836178216433     
 -0.695957896936658       0.520210514375402     
 -0.690723428863907       0.546382858266601     
 -0.687167041810999       0.564164791591091     
 -0.681862368178376       0.590688160629508     
 -0.673107247268580       0.634463761072838     
 -0.667630666831357       0.661846663863094     
 -0.658946998144251       0.705265005767892     
 -0.653318310381354       0.733408451036983     
 -0.644741640613839       0.776291796117906     
 -0.638982741545000       0.805086286668772     
 -0.630547587088623       0.847262064850234     
 -0.624681963140524       0.876590185539888     
 -0.616420981836845       0.917895085529452     
 -0.610473139521419       0.947634301996239     
 -0.604443806436959       0.977780966489724     
 -0.596411247979230      -0.982056240429733     
 -0.590334470601733      -0.951672352511596     
 -0.584189266946181      -0.920946332588513     
 -0.576448806176618      -0.882244024848906     
 -0.570291980558655      -0.851459906887182     
 -0.564081225853582      -0.820406125132982     
 -0.557820618402723      -0.789103079627508     
 -0.551514454317779      -0.757572259791083     
 -0.544275613301785      -0.721378071685749     
 -0.538015407847950      -0.690077030526946     
 -0.531725517430554      -0.658627585746636     
 -0.525410673666116      -0.627053375947888     
 -0.519075724235836      -0.595378620723277     
 -0.512725611347992      -0.563628055112295     
 -0.506365349100973      -0.531826745374167     
 -0.500000000000000      -0.500000000000000     
 -0.493634650899027      -0.468173254625833     
 -0.487274388652008      -0.436371944887705     
 -0.480924275764164      -0.404621379276723     
 -0.474589326333884      -0.372946624052112     
 -0.468274482569446      -0.341372414253364     
 -0.461984592152050      -0.309922969473054     
 -0.455724386698215      -0.278621928314251     
 -0.448485545682221      -0.242427740208917     
 -0.442179381597277      -0.210896920372492     
 -0.435918774146418      -0.179593874867018     
 -0.429708019441345      -0.148540093112818     
 -0.423551193823382      -0.117755975151094     
 -0.415810733053819      -7.905366741148681E-002
 -0.409665529398267      -4.832764748840374E-002
 -0.403588752020770      -1.794375957026730E-002
 -0.395556193563041       2.221903351027623E-002
 -0.389526860478581       5.236569800376050E-002
 -0.383579018163155       8.210491447054849E-002
 -0.375318036859476       0.123409814460112     
 -0.369452412911377       0.152737935149766     
 -0.361017258455000       0.194913713331228     
 -0.355258359386161       0.223708203882094     
 -0.346681689618646       0.266591548963017     
 -0.341053001855749       0.294734994232108     
 -0.332369333168643       0.338153336136906     
 -0.326892752731420       0.365536238927162     
 -0.318137631821624       0.409311839370492     
 -0.312832958189001       0.435835208408909     
 -0.309276571136093       0.453617141733399     
 -0.304042103063342       0.479789485624598     
 -0.295167235300867       0.524163821783567     
 -0.286221120842539       0.568894398557397     
 -0.281281570875751       0.593592148225527     
 -0.277217180298821       0.613914101231178     
 -0.272379242591584       0.638103792565661     
 -0.268169377351020       0.659153114264721     
 -0.263441717870313       0.682791399697875     
 -0.259092094675648       0.704539525672915     
 -0.254482941417235       0.727585292723430     
 -0.245517058582765       0.772414707276570     
 -0.240907905324352       0.795460474327085     
 -0.236558282129687       0.817208600302125     
 -0.231830622648980       0.840846885735279     
 -0.227620757408416       0.861896207434339     
 -0.222782819701179       0.886085898768822     
 -0.218718429124249       0.906407851774473     
 -0.213778879157461       0.931105601442603     
 -0.204832764699133       0.975836178216433     
 -0.195957896936658      -0.979789485624598     
 -0.190723428863907      -0.953617141733399     
 -0.187167041810999      -0.935835208408909     
 -0.181862368178376      -0.909311839370492     
 -0.173107247268580      -0.865536238927162     
 -0.167630666831357      -0.838153336136906     
 -0.158946998144251      -0.794734994232108     
 -0.153318310381354      -0.766591548963017     
 -0.144741640613839      -0.723708203882094     
 -0.138982741545000      -0.694913713331228     
 -0.130547587088623      -0.652737935149766     
 -0.124681963140524      -0.623409814460112     
 -0.116420981836845      -0.582104914470548     
 -0.110473139521419      -0.552365698003761     
 -0.104443806436959      -0.522219033510276     
 -9.641124797922958E-002 -0.482056240429733     
 -9.033447060173311E-002 -0.451672352511596     
 -8.418926694618109E-002 -0.420946332588513     
 -7.644880617661799E-002 -0.382244024848906     
 -7.029198055865539E-002 -0.351459906887182     
 -6.408122585358175E-002 -0.320406125132982     
 -5.782061840272255E-002 -0.289103079627508     
 -5.151445431777945E-002 -0.257572259791083     
 -4.427561330178533E-002 -0.221378071685749     
 -3.801540784794967E-002 -0.190077030526946     
 -3.172551743055357E-002 -0.158627585746636     
 -2.541067366611590E-002 -0.127053375947888     
 -1.907572423583623E-002 -9.537862072327724E-002
 -1.272561134799183E-002 -6.362805511229522E-002
 -6.365349100972797E-003 -3.182674537416718E-002
  0.000000000000000E+000  0.000000000000000E+000
  6.365349100972797E-003  3.182674537416718E-002
  1.272561134799183E-002  6.362805511229522E-002
  1.907572423583623E-002  9.537862072327724E-002
  2.541067366611590E-002  0.127053375947888     
  3.172551743055357E-002  0.158627585746636     
  3.801540784794967E-002  0.190077030526946     
  4.427561330178533E-002  0.221378071685749     
  5.151445431777945E-002  0.257572259791083     
  5.782061840272255E-002  0.289103079627508     
  6.408122585358175E-002  0.320406125132982     
  7.029198055865539E-002  0.351459906887182     
  7.644880617661799E-002  0.382244024848906     
  8.418926694618109E-002  0.420946332588513     
  9.033447060173311E-002  0.451672352511596     
  9.641124797922958E-002  0.482056240429733     
  0.104443806436959       0.522219033510276     
  0.110473139521419       0.552365698003761     
  0.116420981836845       0.582104914470548     
  0.124681963140524       0.623409814460112     
  0.130547587088623       0.652737935149766     
  0.138982741545000       0.694913713331228     
  0.144741640613839       0.723708203882094     
  0.153318310381354       0.766591548963017     
  0.158946998144251       0.794734994232108     
  0.167630666831357       0.838153336136906     
  0.173107247268580       0.865536238927162     
  0.181862368178376       0.909311839370492     
  0.187167041810999       0.935835208408909     
  0.190723428863907       0.953617141733399     
  0.195957896936658       0.979789485624598     
  0.204832764699133      -0.975836178216433     
  0.213778879157461      -0.931105601442603     
  0.218718429124249      -0.906407851774473     
  0.222782819701179      -0.886085898768822     
  0.227620757408416      -0.861896207434339     
  0.231830622648980      -0.840846885735279     
  0.236558282129687      -0.817208600302125     
  0.240907905324352      -0.795460474327085     
  0.245517058582765      -0.772414707276570     
  0.254482941417235      -0.727585292723430     
  0.259092094675648      -0.704539525672915     
  0.263441717870313      -0.682791399697875     
  0.268169377351020      -0.659153114264721     
  0.272379242591584      -0.638103792565661     
  0.277217180298821      -0.613914101231178     
  0.281281570875751      -0.593592148225527     
  0.286221120842539      -0.568894398557397     
  0.295167235300867      -0.524163821783567     
  0.304042103063342      -0.479789485624598     
  0.309276571136093      -0.453617141733399     
  0.312832958189001      -0.435835208408909     
  0.318137631821624      -0.409311839370492     
  0.326892752731420      -0.365536238927162     
  0.332369333168643      -0.338153336136906     
  0.341053001855749      -0.294734994232108     
  0.346681689618646      -0.266591548963017     
  0.355258359386161      -0.223708203882094     
  0.361017258455000      -0.194913713331228     
  0.369452412911377      -0.152737935149766     
  0.375318036859476      -0.123409814460112     
  0.383579018163155      -8.210491447054849E-002
  0.389526860478581      -5.236569800376050E-002
  0.395556193563041      -2.221903351027623E-002
  0.403588752020770       1.794375957026730E-002
  0.409665529398267       4.832764748840374E-002
  0.415810733053819       7.905366741148681E-002
  0.423551193823382       0.117755975151094     
  0.429708019441345       0.148540093112818     
  0.435918774146418       0.179593874867018     
  0.442179381597277       0.210896920372492     
  0.448485545682221       0.242427740208917     
  0.455724386698215       0.278621928314251     
  0.461984592152050       0.309922969473054     
  0.468274482569446       0.341372414253364     
  0.474589326333884       0.372946624052112     
  0.480924275764164       0.404621379276723     
  0.487274388652008       0.436371944887705     
  0.493634650899027       0.468173254625833     
  0.500000000000000       0.500000000000000     
  0.506365349100973       0.531826745374167     
  0.512725611347992       0.563628055112295     
  0.519075724235836       0.595378620723277     
  0.525410673666116       0.627053375947888     
  0.531725517430554       0.658627585746636     
  0.538015407847950       0.690077030526946     
  0.544275613301785       0.721378071685749     
  0.551514454317779       0.757572259791083     
  0.557820618402723       0.789103079627508     
  0.564081225853582       0.820406125132982     
  0.570291980558655       0.851459906887182     
  0.576448806176618       0.882244024848906     
  0.584189266946181       0.920946332588513     
  0.590334470601733       0.951672352511596     
  0.596411247979230       0.982056240429733     
  0.604443806436959      -0.977780966489724     
  0.610473139521419      -0.947634301996239     
  0.616420981836845      -0.917895085529452     
  0.624681963140524      -0.876590185539888     
  0.630547587088623      -0.847262064850234     
  0.638982741545000      -0.805086286668772     
  0.644741640613839      -0.776291796117906     
  0.653318310381354      -0.733408451036983     
  0.658946998144251      -0.705265005767892     
  0.667630666831357      -0.661846663863094     
  0.673107247268580      -0.634463761072838     
  0.681862368178376      -0.590688160629508     
  0.687167041810999      -0.564164791591091     
  0.690723428863907      -0.546382858266601     
  0.695957896936658      -0.520210514375402     
  0.704832764699133      -0.475836178216433     
  0.713778879157461      -0.431105601442603     
  0.718718429124249      -0.406407851774473     
  0.722782819701179      -0.386085898768822     
  0.727620757408416      -0.361896207434339     
  0.731830622648980      -0.340846885735280     
  0.736558282129687      -0.317208600302125     
  0.740907905324352      -0.295460474327085     
  0.745517058582765      -0.272414707276570     
  0.754482941417235      -0.227585292723430     
  0.759092094675648      -0.204539525672915     
  0.763441717870313      -0.182791399697875     
  0.768169377351020      -0.159153114264720     
  0.772379242591584      -0.138103792565661     
  0.777217180298821      -0.113914101231178     
  0.781281570875751      -9.359214822552675E-002
  0.786221120842539      -6.889439855739683E-002
  0.795167235300867      -2.416382178356655E-002
  0.804042103063342       2.021051437540210E-002
  0.809276571136093       4.638285826660135E-002
  0.812832958189001       6.416479159109136E-002
  0.818137631821624       9.068816062950764E-002
  0.826892752731420       0.134463761072838     
  0.832369333168643       0.161846663863094     
  0.841053001855749       0.205265005767892     
  0.846681689618646       0.233408451036983     
  0.855258359386161       0.276291796117906     
  0.861017258455000       0.305086286668772     
  0.869452412911377       0.347262064850234     
  0.875318036859476       0.376590185539888     
  0.883579018163154       0.417895085529452     
  0.889526860478581       0.447634301996239     
  0.895556193563041       0.477780966489724     
  0.903588752020770       0.517943759570267     
  0.909665529398267       0.548327647488404     
  0.915810733053819       0.579053667411487     
  0.923551193823382       0.617755975151094     
  0.929708019441345       0.648540093112818     
  0.935918774146418       0.679593874867018     
  0.942179381597277       0.710896920372492     
  0.948485545682221       0.742427740208917     
  0.955724386698215       0.778621928314251     
  0.961984592152050       0.809922969473054     
  0.968274482569446       0.841372414253364     
  0.974589326333884       0.872946624052112     
  0.980924275764164       0.904621379276723     
  0.987274388652008       0.936371944887705     
  0.993634650899027       0.968173254625833     
   1.00000000000000        1.00000000000000     
