 -0.993634650899027       1.268759584306059E-002
 -0.987274388652008       2.536519463491356E-002
 -0.980924275764164       3.802284848810737E-002
 -0.974589326333884       5.065070750991965E-002
 -0.968274482569446       6.323906730165257E-002
 -0.961984592152050       7.577841440112214E-002
 -0.955724386698215       8.825946925297705E-002
 -0.948485545682221       0.102709744467995     
 -0.942179381597277       0.115286398463366     
 -0.935918774146418       0.127773466077915     
 -0.929708019441345       0.140162537089841     
 -0.923551193823382       0.152445639894658     
 -0.915810733053819       0.167915320387024     
 -0.909665529398267       0.180180028382438     
 -0.903588752020770       0.192310181946293     
 -0.895556193563041       0.208375845559115     
 -0.889526860478581       0.220416461934978     
 -0.883579018163154       0.232296759695330     
 -0.875318036859476       0.248831082880061     
 -0.869452412911377       0.260552679687218     
 -0.861017258455000       0.277443939031301     
 -0.855258359386161       0.288957945534329     
 -0.846681689618646       0.306140350616638     
 -0.841053001855749       0.317399846730278     
 -0.832369333168643       0.334803792445947     
 -0.826892752731420       0.345764941841019     
 -0.818137631821624       0.363318685484145     
 -0.812832958189001       0.373941710691851     
 -0.809276571136093       0.381087904940230     
 -0.804042103063342       0.391573085215007     
 -0.795167235300867       0.409375466245752     
 -0.786221120842539       0.427322801940936     
 -0.781281570875751       0.437225470623041     
 -0.777217180298821       0.445387738839695     
 -0.772379242591584       0.455089245291975     
 -0.768169377351020       0.463541847821019     
 -0.763441717870313       0.473024692446565     
 -0.759092094675648       0.481755873621523     
 -0.754482941417235       0.491003408346087     
 -0.745517058582765       0.508996591653913     
 -0.740907905324352       0.518244126378477     
 -0.736558282129687       0.526975307553435     
 -0.731830622648980       0.536458152178981     
 -0.727620757408416       0.544910754708025     
 -0.722782819701179       0.554612261160305     
 -0.718718429124249       0.562774529376959     
 -0.713778879157461       0.572677198059064     
 -0.704832764699133       0.590624533754250     
 -0.695957896936658       0.608426914784993     
 -0.690723428863907       0.618912095059769     
 -0.687167041810999       0.626058289308149     
 -0.681862368178376       0.636681314515856     
 -0.673107247268580       0.654235058158982     
 -0.667630666831357       0.665196207554054     
 -0.658946998144251       0.682600153269723     
 -0.653318310381354       0.693859649383362     
 -0.644741640613839       0.711042054465671     
 -0.638982741545000       0.722556060968699     
 -0.630547587088623       0.739447320312781     
 -0.624681963140524       0.751168917119940     
 -0.616420981836845       0.767703240304670     
 -0.610473139521419       0.779583538065024     
 -0.604443806436959       0.791624154440883     
 -0.596411247979230       0.807689818053706     
 -0.590334470601733       0.819819971617562     
 -0.584189266946181       0.832084679612977     
 -0.576448806176618       0.847554360105342     
 -0.570291980558655       0.859837462910159     
 -0.564081225853582       0.872226533922085     
 -0.557820618402723       0.884713601536634     
 -0.551514454317779       0.897290255532005     
 -0.544275613301785       0.911740530747024     
 -0.538015407847950       0.924221585598877     
 -0.531725517430554       0.936760932698349     
 -0.525410673666116       0.949349292490076     
 -0.519075724235836       0.961977151511900     
 -0.512725611347992       0.974634805365079     
 -0.506365349100973       0.987312404156943     
 -0.500000000000000       -1.00000000000000     
 -0.493634650899027      -0.987312404156942     
 -0.487274388652008      -0.974634805365080     
 -0.480924275764164      -0.961977151511897     
 -0.474589326333884      -0.949349292490077     
 -0.468274482569446      -0.936760932698349     
 -0.461984592152050      -0.924221585598876     
 -0.455724386698215      -0.911740530747024     
 -0.448485545682221      -0.897290255531999     
 -0.442179381597277      -0.884713601536640     
 -0.435918774146418      -0.872226533922084     
 -0.429708019441345      -0.859837462910159     
 -0.423551193823382      -0.847554360105342     
 -0.415810733053819      -0.832084679612977     
 -0.409665529398267      -0.819819971617562     
 -0.403588752020770      -0.807689818053707     
 -0.395556193563041      -0.791624154440883     
 -0.389526860478581      -0.779583538065024     
 -0.383579018163155      -0.767703240304670     
 -0.375318036859476      -0.751168917119938     
 -0.369452412911377      -0.739447320312782     
 -0.361017258455000      -0.722556060968699     
 -0.355258359386161      -0.711042054465671     
 -0.346681689618646      -0.693859649383361     
 -0.341053001855749      -0.682600153269723     
 -0.332369333168643      -0.665196207554054     
 -0.326892752731420      -0.654235058158981     
 -0.318137631821624      -0.636681314515855     
 -0.312832958189001      -0.626058289308149     
 -0.309276571136093      -0.618912095059769     
 -0.304042103063342      -0.608426914784993     
 -0.295167235300867      -0.590624533754249     
 -0.286221120842539      -0.572677198059064     
 -0.281281570875751      -0.562774529376959     
 -0.277217180298821      -0.554612261160305     
 -0.272379242591584      -0.544910754708025     
 -0.268169377351020      -0.536458152178981     
 -0.263441717870313      -0.526975307553435     
 -0.259092094675648      -0.518244126378477     
 -0.254482941417235      -0.508996591653912     
 -0.245517058582765      -0.491003408346088     
 -0.240907905324352      -0.481755873621523     
 -0.236558282129687      -0.473024692446565     
 -0.231830622648980      -0.463541847821019     
 -0.227620757408416      -0.455089245291975     
 -0.222782819701179      -0.445387738839695     
 -0.218718429124249      -0.437225470623041     
 -0.213778879157461      -0.427322801940936     
 -0.204832764699133      -0.409375466245749     
 -0.195957896936658      -0.391573085215007     
 -0.190723428863907      -0.381087904940231     
 -0.187167041810999      -0.373941710691851     
 -0.181862368178376      -0.363318685484144     
 -0.173107247268580      -0.345764941841019     
 -0.167630666831357      -0.334803792445947     
 -0.158946998144251      -0.317399846730277     
 -0.153318310381354      -0.306140350616639     
 -0.144741640613839      -0.288957945534330     
 -0.138982741545000      -0.277443939031300     
 -0.130547587088623      -0.260552679687218     
 -0.124681963140524      -0.248831082880060     
 -0.116420981836845      -0.232296759695330     
 -0.110473139521419      -0.220416461934976     
 -0.104443806436959      -0.208375845559117     
 -9.641124797922958E-002 -0.192310181946294     
 -9.033447060173311E-002 -0.180180028382438     
 -8.418926694618109E-002 -0.167915320387024     
 -7.644880617661799E-002 -0.152445639894658     
 -7.029198055865539E-002 -0.140162537089841     
 -6.408122585358175E-002 -0.127773466077915     
 -5.782061840272255E-002 -0.115286398463360     
 -5.151445431777945E-002 -0.102709744467999     
 -4.427561330178533E-002 -8.825946925297690E-002
 -3.801540784794967E-002 -7.577841440112280E-002
 -3.172551743055357E-002 -6.323906730165077E-002
 -2.541067366611590E-002 -5.065070750992254E-002
 -1.907572423583623E-002 -3.802284848810202E-002
 -1.272561134799183E-002 -2.536519463492289E-002
 -6.365349100972797E-003 -1.268759584303952E-002
  0.000000000000000E+000 -8.433727401211966E-015
  6.365349100972797E-003  1.268759584305097E-002
  1.272561134799183E-002  2.536519463492088E-002
  1.907572423583623E-002  3.802284848810145E-002
  2.541067366611590E-002  5.065070750992263E-002
  3.172551743055357E-002  6.323906730165069E-002
  3.801540784794967E-002  7.577841440112397E-002
  4.427561330178533E-002  8.825946925297684E-002
  5.151445431777945E-002  0.102709744467994     
  5.782061840272255E-002  0.115286398463366     
  6.408122585358175E-002  0.127773466077917     
  7.029198055865539E-002  0.140162537089841     
  7.644880617661799E-002  0.152445639894658     
  8.418926694618109E-002  0.167915320387023     
  9.033447060173311E-002  0.180180028382438     
  9.641124797922958E-002  0.192310181946293     
  0.104443806436959       0.208375845559116     
  0.110473139521419       0.220416461934977     
  0.116420981836845       0.232296759695330     
  0.124681963140524       0.248831082880060     
  0.130547587088623       0.260552679687219     
  0.138982741545000       0.277443939031301     
  0.144741640613839       0.288957945534330     
  0.153318310381354       0.306140350616638     
  0.158946998144251       0.317399846730278     
  0.167630666831357       0.334803792445947     
  0.173107247268580       0.345764941841019     
  0.181862368178376       0.363318685484144     
  0.187167041810999       0.373941710691851     
  0.190723428863907       0.381087904940231     
  0.195957896936658       0.391573085215007     
  0.204832764699133       0.409375466245753     
  0.213778879157461       0.427322801940936     
  0.218718429124249       0.437225470623041     
  0.222782819701179       0.445387738839696     
  0.227620757408416       0.455089245291975     
  0.231830622648980       0.463541847821019     
  0.236558282129687       0.473024692446565     
  0.240907905324352       0.481755873621524     
  0.245517058582765       0.491003408346088     
  0.254482941417235       0.508996591653913     
  0.259092094675648       0.518244126378477     
  0.263441717870313       0.526975307553435     
  0.268169377351020       0.536458152178981     
  0.272379242591584       0.544910754708025     
  0.277217180298821       0.554612261160305     
  0.281281570875751       0.562774529376959     
  0.286221120842539       0.572677198059064     
  0.295167235300867       0.590624533754248     
  0.304042103063342       0.608426914784993     
  0.309276571136093       0.618912095059769     
  0.312832958189001       0.626058289308149     
  0.318137631821624       0.636681314515857     
  0.326892752731420       0.654235058158982     
  0.332369333168643       0.665196207554054     
  0.341053001855749       0.682600153269722     
  0.346681689618646       0.693859649383362     
  0.355258359386161       0.711042054465671     
  0.361017258455000       0.722556060968699     
  0.369452412911377       0.739447320312780     
  0.375318036859476       0.751168917119940     
  0.383579018163155       0.767703240304670     
  0.389526860478581       0.779583538065024     
  0.395556193563041       0.791624154440884     
  0.403588752020770       0.807689818053707     
  0.409665529398267       0.819819971617562     
  0.415810733053819       0.832084679612978     
  0.423551193823382       0.847554360105342     
  0.429708019441345       0.859837462910159     
  0.435918774146418       0.872226533922084     
  0.442179381597277       0.884713601536640     
  0.448485545682221       0.897290255532001     
  0.455724386698215       0.911740530747023     
  0.461984592152050       0.924221585598877     
  0.468274482569446       0.936760932698350     
  0.474589326333884       0.949349292490075     
  0.480924275764164       0.961977151511901     
  0.487274388652008       0.974634805365078     
  0.493634650899027       0.987312404156943     
  0.500000000000000        1.00000000000000     
  0.506365349100973      -0.987312404156942     
  0.512725611347992      -0.974634805365080     
  0.519075724235836      -0.961977151511899     
  0.525410673666116      -0.949349292490077     
  0.531725517430554      -0.936760932698348     
  0.538015407847950      -0.924221585598877     
  0.544275613301785      -0.911740530747023     
  0.551514454317779      -0.897290255531998     
  0.557820618402723      -0.884713601536641     
  0.564081225853582      -0.872226533922084     
  0.570291980558655      -0.859837462910159     
  0.576448806176618      -0.847554360105341     
  0.584189266946181      -0.832084679612976     
  0.590334470601733      -0.819819971617562     
  0.596411247979230      -0.807689818053707     
  0.604443806436959      -0.791624154440883     
  0.610473139521419      -0.779583538065023     
  0.616420981836845      -0.767703240304669     
  0.624681963140524      -0.751168917119938     
  0.630547587088623      -0.739447320312782     
  0.638982741545000      -0.722556060968699     
  0.644741640613839      -0.711042054465670     
  0.653318310381354      -0.693859649383362     
  0.658946998144251      -0.682600153269722     
  0.667630666831357      -0.665196207554054     
  0.673107247268580      -0.654235058158981     
  0.681862368178376      -0.636681314515856     
  0.687167041810999      -0.626058289308149     
  0.690723428863907      -0.618912095059769     
  0.695957896936658      -0.608426914784993     
  0.704832764699133      -0.590624533754250     
  0.713778879157461      -0.572677198059064     
  0.718718429124249      -0.562774529376959     
  0.722782819701179      -0.554612261160305     
  0.727620757408416      -0.544910754708025     
  0.731830622648980      -0.536458152178981     
  0.736558282129687      -0.526975307553435     
  0.740907905324352      -0.518244126378477     
  0.745517058582765      -0.508996591653912     
  0.754482941417235      -0.491003408346087     
  0.759092094675648      -0.481755873621523     
  0.763441717870313      -0.473024692446565     
  0.768169377351020      -0.463541847821019     
  0.772379242591584      -0.455089245291975     
  0.777217180298821      -0.445387738839695     
  0.781281570875751      -0.437225470623041     
  0.786221120842539      -0.427322801940936     
  0.795167235300867      -0.409375466245752     
  0.804042103063342      -0.391573085215007     
  0.809276571136093      -0.381087904940231     
  0.812832958189001      -0.373941710691851     
  0.818137631821624      -0.363318685484143     
  0.826892752731420      -0.345764941841019     
  0.832369333168643      -0.334803792445947     
  0.841053001855749      -0.317399846730278     
  0.846681689618646      -0.306140350616638     
  0.855258359386161      -0.288957945534330     
  0.861017258455000      -0.277443939031301     
  0.869452412911377      -0.260552679687217     
  0.875318036859476      -0.248831082880061     
  0.883579018163154      -0.232296759695330     
  0.889526860478581      -0.220416461934977     
  0.895556193563041      -0.208375845559116     
  0.903588752020770      -0.192310181946293     
  0.909665529398267      -0.180180028382439     
  0.915810733053819      -0.167915320387023     
  0.923551193823382      -0.152445639894658     
  0.929708019441345      -0.140162537089841     
  0.935918774146418      -0.127773466077916     
  0.942179381597277      -0.115286398463360     
  0.948485545682221      -0.102709744468001     
  0.955724386698215      -8.825946925297638E-002
  0.961984592152050      -7.577841440112353E-002
  0.968274482569446      -6.323906730165132E-002
  0.974589326333884      -5.065070750992225E-002
  0.980924275764164      -3.802284848810297E-002
  0.987274388652008      -2.536519463491967E-002
  0.993634650899027      -1.268759584305750E-002
   1.00000000000000      -6.312763662217366E-017
