 -0.993634650899027       0.000000000000000E+000
 -0.987274388652008       0.000000000000000E+000
 -0.980924275764164       0.000000000000000E+000
 -0.974589326333884       0.000000000000000E+000
 -0.968274482569446       0.000000000000000E+000
 -0.961984592152050       0.000000000000000E+000
 -0.955724386698215       0.000000000000000E+000
 -0.948485545682221       0.000000000000000E+000
 -0.942179381597277       0.000000000000000E+000
 -0.935918774146418       0.000000000000000E+000
 -0.929708019441345       0.000000000000000E+000
 -0.923551193823382       0.000000000000000E+000
 -0.915810733053819       0.000000000000000E+000
 -0.909665529398267       0.000000000000000E+000
 -0.903588752020770       0.000000000000000E+000
 -0.895556193563041       0.000000000000000E+000
 -0.889526860478581       0.000000000000000E+000
 -0.883579018163154       0.000000000000000E+000
 -0.875318036859476       0.000000000000000E+000
 -0.869452412911377       0.000000000000000E+000
 -0.861017258455000       0.000000000000000E+000
 -0.855258359386161       0.000000000000000E+000
 -0.846681689618646       0.000000000000000E+000
 -0.841053001855749       0.000000000000000E+000
 -0.832369333168643       0.000000000000000E+000
 -0.826892752731420       0.000000000000000E+000
 -0.818137631821624       0.000000000000000E+000
 -0.812832958189001       0.000000000000000E+000
 -0.809276571136093       0.000000000000000E+000
 -0.804042103063342       0.000000000000000E+000
 -0.795167235300867       0.000000000000000E+000
 -0.786221120842539       0.000000000000000E+000
 -0.781281570875751       0.000000000000000E+000
 -0.777217180298821       0.000000000000000E+000
 -0.772379242591584       0.000000000000000E+000
 -0.768169377351020       0.000000000000000E+000
 -0.763441717870313       0.000000000000000E+000
 -0.759092094675648       0.000000000000000E+000
 -0.754482941417235       0.000000000000000E+000
 -0.745517058582765       0.000000000000000E+000
 -0.740907905324352       0.000000000000000E+000
 -0.736558282129687       0.000000000000000E+000
 -0.731830622648980       0.000000000000000E+000
 -0.727620757408416       0.000000000000000E+000
 -0.722782819701179       0.000000000000000E+000
 -0.718718429124249       0.000000000000000E+000
 -0.713778879157461       0.000000000000000E+000
 -0.704832764699133       0.000000000000000E+000
 -0.695957896936658       0.000000000000000E+000
 -0.690723428863907       0.000000000000000E+000
 -0.687167041810999       0.000000000000000E+000
 -0.681862368178376       0.000000000000000E+000
 -0.673107247268580       0.000000000000000E+000
 -0.667630666831357       0.000000000000000E+000
 -0.658946998144251       0.000000000000000E+000
 -0.653318310381354       0.000000000000000E+000
 -0.644741640613839       0.000000000000000E+000
 -0.638982741545000       0.000000000000000E+000
 -0.630547587088623       0.000000000000000E+000
 -0.624681963140524       0.000000000000000E+000
 -0.616420981836845       0.000000000000000E+000
 -0.610473139521419       0.000000000000000E+000
 -0.604443806436959       0.000000000000000E+000
 -0.596411247979230       0.000000000000000E+000
 -0.590334470601733       0.000000000000000E+000
 -0.584189266946181       0.000000000000000E+000
 -0.576448806176618       0.000000000000000E+000
 -0.570291980558655       0.000000000000000E+000
 -0.564081225853582       0.000000000000000E+000
 -0.557820618402723       0.000000000000000E+000
 -0.551514454317779       0.000000000000000E+000
 -0.544275613301785       0.000000000000000E+000
 -0.538015407847950       0.000000000000000E+000
 -0.531725517430554       0.000000000000000E+000
 -0.525410673666116       0.000000000000000E+000
 -0.519075724235836       0.000000000000000E+000
 -0.512725611347992       0.000000000000000E+000
 -0.506365349100973       0.000000000000000E+000
 -0.500000000000000       0.000000000000000E+000
 -0.493634650899027       0.000000000000000E+000
 -0.487274388652008       0.000000000000000E+000
 -0.480924275764164       0.000000000000000E+000
 -0.474589326333884       0.000000000000000E+000
 -0.468274482569446       0.000000000000000E+000
 -0.461984592152050       0.000000000000000E+000
 -0.455724386698215       0.000000000000000E+000
 -0.448485545682221       0.000000000000000E+000
 -0.442179381597277       0.000000000000000E+000
 -0.435918774146418       0.000000000000000E+000
 -0.429708019441345       0.000000000000000E+000
 -0.423551193823382       0.000000000000000E+000
 -0.415810733053819       0.000000000000000E+000
 -0.409665529398267       0.000000000000000E+000
 -0.403588752020770       0.000000000000000E+000
 -0.395556193563041       0.000000000000000E+000
 -0.389526860478581       0.000000000000000E+000
 -0.383579018163155       0.000000000000000E+000
 -0.375318036859476       0.000000000000000E+000
 -0.369452412911377       0.000000000000000E+000
 -0.361017258455000       0.000000000000000E+000
 -0.355258359386161       0.000000000000000E+000
 -0.346681689618646       0.000000000000000E+000
 -0.341053001855749       0.000000000000000E+000
 -0.332369333168643       0.000000000000000E+000
 -0.326892752731420       0.000000000000000E+000
 -0.318137631821624       0.000000000000000E+000
 -0.312832958189001       0.000000000000000E+000
 -0.309276571136093       0.000000000000000E+000
 -0.304042103063342       0.000000000000000E+000
 -0.295167235300867       0.000000000000000E+000
 -0.286221120842539       0.000000000000000E+000
 -0.281281570875751       0.000000000000000E+000
 -0.277217180298821       0.000000000000000E+000
 -0.272379242591584       0.000000000000000E+000
 -0.268169377351020       0.000000000000000E+000
 -0.263441717870313       0.000000000000000E+000
 -0.259092094675648       0.000000000000000E+000
 -0.254482941417235       0.000000000000000E+000
 -0.245517058582765       0.000000000000000E+000
 -0.240907905324352       0.000000000000000E+000
 -0.236558282129687       0.000000000000000E+000
 -0.231830622648980       0.000000000000000E+000
 -0.227620757408416       0.000000000000000E+000
 -0.222782819701179       0.000000000000000E+000
 -0.218718429124249       0.000000000000000E+000
 -0.213778879157461       0.000000000000000E+000
 -0.204832764699133       0.000000000000000E+000
 -0.195957896936658       0.000000000000000E+000
 -0.190723428863907       0.000000000000000E+000
 -0.187167041810999       0.000000000000000E+000
 -0.181862368178376       0.000000000000000E+000
 -0.173107247268580       0.000000000000000E+000
 -0.167630666831357       0.000000000000000E+000
 -0.158946998144251       0.000000000000000E+000
 -0.153318310381354       0.000000000000000E+000
 -0.144741640613839       0.000000000000000E+000
 -0.138982741545000       0.000000000000000E+000
 -0.130547587088623       0.000000000000000E+000
 -0.124681963140524       0.000000000000000E+000
 -0.116420981836845       0.000000000000000E+000
 -0.110473139521419       0.000000000000000E+000
 -0.104443806436959       0.000000000000000E+000
 -9.641124797922958E-002  0.000000000000000E+000
 -9.033447060173311E-002  0.000000000000000E+000
 -8.418926694618109E-002  0.000000000000000E+000
 -7.644880617661799E-002  0.000000000000000E+000
 -7.029198055865539E-002  0.000000000000000E+000
 -6.408122585358175E-002  0.000000000000000E+000
 -5.782061840272255E-002  0.000000000000000E+000
 -5.151445431777945E-002  0.000000000000000E+000
 -4.427561330178533E-002  0.000000000000000E+000
 -3.801540784794967E-002  0.000000000000000E+000
 -3.172551743055357E-002  0.000000000000000E+000
 -2.541067366611590E-002  0.000000000000000E+000
 -1.907572423583623E-002  0.000000000000000E+000
 -1.272561134799183E-002  0.000000000000000E+000
 -6.365349100972797E-003  0.000000000000000E+000
  0.000000000000000E+000  0.000000000000000E+000
  6.365349100972797E-003  0.000000000000000E+000
  1.272561134799183E-002  0.000000000000000E+000
  1.907572423583623E-002  0.000000000000000E+000
  2.541067366611590E-002  0.000000000000000E+000
  3.172551743055357E-002  0.000000000000000E+000
  3.801540784794967E-002  0.000000000000000E+000
  4.427561330178533E-002  0.000000000000000E+000
  5.151445431777945E-002  0.000000000000000E+000
  5.782061840272255E-002  0.000000000000000E+000
  6.408122585358175E-002  0.000000000000000E+000
  7.029198055865539E-002  0.000000000000000E+000
  7.644880617661799E-002  0.000000000000000E+000
  8.418926694618109E-002  0.000000000000000E+000
  9.033447060173311E-002  0.000000000000000E+000
  9.641124797922958E-002  0.000000000000000E+000
  0.104443806436959       0.000000000000000E+000
  0.110473139521419       0.000000000000000E+000
  0.116420981836845       0.000000000000000E+000
  0.124681963140524       0.000000000000000E+000
  0.130547587088623       0.000000000000000E+000
  0.138982741545000       0.000000000000000E+000
  0.144741640613839       0.000000000000000E+000
  0.153318310381354       0.000000000000000E+000
  0.158946998144251       0.000000000000000E+000
  0.167630666831357       0.000000000000000E+000
  0.173107247268580       0.000000000000000E+000
  0.181862368178376       0.000000000000000E+000
  0.187167041810999       0.000000000000000E+000
  0.190723428863907       0.000000000000000E+000
  0.195957896936658       0.000000000000000E+000
  0.204832764699133       0.000000000000000E+000
  0.213778879157461       0.000000000000000E+000
  0.218718429124249       0.000000000000000E+000
  0.222782819701179       0.000000000000000E+000
  0.227620757408416       0.000000000000000E+000
  0.231830622648980       0.000000000000000E+000
  0.236558282129687       0.000000000000000E+000
  0.240907905324352       0.000000000000000E+000
  0.245517058582765       0.000000000000000E+000
  0.254482941417235       0.000000000000000E+000
  0.259092094675648       0.000000000000000E+000
  0.263441717870313       0.000000000000000E+000
  0.268169377351020       0.000000000000000E+000
  0.272379242591584       0.000000000000000E+000
  0.277217180298821       0.000000000000000E+000
  0.281281570875751       0.000000000000000E+000
  0.286221120842539       0.000000000000000E+000
  0.295167235300867       0.000000000000000E+000
  0.304042103063342       0.000000000000000E+000
  0.309276571136093       0.000000000000000E+000
  0.312832958189001       0.000000000000000E+000
  0.318137631821624       0.000000000000000E+000
  0.326892752731420       0.000000000000000E+000
  0.332369333168643       0.000000000000000E+000
  0.341053001855749       0.000000000000000E+000
  0.346681689618646       0.000000000000000E+000
  0.355258359386161       0.000000000000000E+000
  0.361017258455000       0.000000000000000E+000
  0.369452412911377       0.000000000000000E+000
  0.375318036859476       0.000000000000000E+000
  0.383579018163155       0.000000000000000E+000
  0.389526860478581       0.000000000000000E+000
  0.395556193563041       0.000000000000000E+000
  0.403588752020770       0.000000000000000E+000
  0.409665529398267       0.000000000000000E+000
  0.415810733053819       0.000000000000000E+000
  0.423551193823382       0.000000000000000E+000
  0.429708019441345       0.000000000000000E+000
  0.435918774146418       0.000000000000000E+000
  0.442179381597277       0.000000000000000E+000
  0.448485545682221       0.000000000000000E+000
  0.455724386698215       0.000000000000000E+000
  0.461984592152050       0.000000000000000E+000
  0.468274482569446       0.000000000000000E+000
  0.474589326333884       0.000000000000000E+000
  0.480924275764164       0.000000000000000E+000
  0.487274388652008       0.000000000000000E+000
  0.493634650899027       0.000000000000000E+000
  0.500000000000000       0.000000000000000E+000
  0.506365349100973       0.000000000000000E+000
  0.512725611347992       0.000000000000000E+000
  0.519075724235836       0.000000000000000E+000
  0.525410673666116       0.000000000000000E+000
  0.531725517430554       0.000000000000000E+000
  0.538015407847950       0.000000000000000E+000
  0.544275613301785       0.000000000000000E+000
  0.551514454317779       0.000000000000000E+000
  0.557820618402723       0.000000000000000E+000
  0.564081225853582       0.000000000000000E+000
  0.570291980558655       0.000000000000000E+000
  0.576448806176618       0.000000000000000E+000
  0.584189266946181       0.000000000000000E+000
  0.590334470601733       0.000000000000000E+000
  0.596411247979230       0.000000000000000E+000
  0.604443806436959       0.000000000000000E+000
  0.610473139521419       0.000000000000000E+000
  0.616420981836845       0.000000000000000E+000
  0.624681963140524       0.000000000000000E+000
  0.630547587088623       0.000000000000000E+000
  0.638982741545000       0.000000000000000E+000
  0.644741640613839       0.000000000000000E+000
  0.653318310381354       0.000000000000000E+000
  0.658946998144251       0.000000000000000E+000
  0.667630666831357       0.000000000000000E+000
  0.673107247268580       0.000000000000000E+000
  0.681862368178376       0.000000000000000E+000
  0.687167041810999       0.000000000000000E+000
  0.690723428863907       0.000000000000000E+000
  0.695957896936658       0.000000000000000E+000
  0.704832764699133       0.000000000000000E+000
  0.713778879157461       0.000000000000000E+000
  0.718718429124249       0.000000000000000E+000
  0.722782819701179       0.000000000000000E+000
  0.727620757408416       0.000000000000000E+000
  0.731830622648980       0.000000000000000E+000
  0.736558282129687       0.000000000000000E+000
  0.740907905324352       0.000000000000000E+000
  0.745517058582765       0.000000000000000E+000
  0.754482941417235       0.000000000000000E+000
  0.759092094675648       0.000000000000000E+000
  0.763441717870313       0.000000000000000E+000
  0.768169377351020       0.000000000000000E+000
  0.772379242591584       0.000000000000000E+000
  0.777217180298821       0.000000000000000E+000
  0.781281570875751       0.000000000000000E+000
  0.786221120842539       0.000000000000000E+000
  0.795167235300867       0.000000000000000E+000
  0.804042103063342       0.000000000000000E+000
  0.809276571136093       0.000000000000000E+000
  0.812832958189001       0.000000000000000E+000
  0.818137631821624       0.000000000000000E+000
  0.826892752731420       0.000000000000000E+000
  0.832369333168643       0.000000000000000E+000
  0.841053001855749       0.000000000000000E+000
  0.846681689618646       0.000000000000000E+000
  0.855258359386161       0.000000000000000E+000
  0.861017258455000       0.000000000000000E+000
  0.869452412911377       0.000000000000000E+000
  0.875318036859476       0.000000000000000E+000
  0.883579018163154       0.000000000000000E+000
  0.889526860478581       0.000000000000000E+000
  0.895556193563041       0.000000000000000E+000
  0.903588752020770       0.000000000000000E+000
  0.909665529398267       0.000000000000000E+000
  0.915810733053819       0.000000000000000E+000
  0.923551193823382       0.000000000000000E+000
  0.929708019441345       0.000000000000000E+000
  0.935918774146418       0.000000000000000E+000
  0.942179381597277       0.000000000000000E+000
  0.948485545682221       0.000000000000000E+000
  0.955724386698215       0.000000000000000E+000
  0.961984592152050       0.000000000000000E+000
  0.968274482569446       0.000000000000000E+000
  0.974589326333884       0.000000000000000E+000
  0.980924275764164       0.000000000000000E+000
  0.987274388652008       0.000000000000000E+000
  0.993634650899027       0.000000000000000E+000
   1.00000000000000       0.000000000000000E+000
