 -0.993634650899027       1.268759581837160E-002
 -0.987274388652008       2.536519458588313E-002
 -0.980924275764164       3.802284841485759E-002
 -0.974589326333884       5.065070741317696E-002
 -0.968274482569446       6.323906718186560E-002
 -0.961984592152050       7.577841425932159E-002
 -0.955724386698215       8.825946908990492E-002
 -0.948485545682221       0.102709744282187     
 -0.942179381597277       0.115286398258686     
 -0.935918774146418       0.127773465855516     
 -0.929708019441345       0.140162536851394     
 -0.923551193823382       0.152445639641487     
 -0.915810733053819       0.167915320118348     
 -0.909665529398267       0.180180028102744     
 -0.903588752020770       0.192310181657097     
 -0.895556193563041       0.208375845260915     
 -0.889526860478581       0.220416461631443     
 -0.883579018163154       0.232296759387999     
 -0.875318036859476       0.248831082571349     
 -0.869452412911377       0.260552679378970     
 -0.861017258455000       0.277443938727416     
 -0.855258359386161       0.288957945234621     
 -0.846681689618646       0.306140350327129     
 -0.841053001855749       0.317399846448777     
 -0.832369333168643       0.334803792180289     
 -0.826892752731420       0.345764941586322     
 -0.818137631821624       0.363318685250470     
 -0.812832958189001       0.373941710471925     
 -0.809276571136093       0.381087904730655     
 -0.804042103063342       0.391573085020582     
 -0.795167235300867       0.409375466079425     
 -0.786221120842539       0.427322801804989     
 -0.781281570875751       0.437225470504261     
 -0.777217180298821       0.445387738736020     
 -0.772379242591584       0.455089245205919     
 -0.768169377351020       0.463541847751080     
 -0.763441717870313       0.473024692394421     
 -0.759092094675648       0.481755873586321     
 -0.754482941417235       0.491003408328581     
 -0.745517058582765       0.508996591671288     
 -0.740907905324352       0.518244126413758     
 -0.736558282129687       0.526975307605448     
 -0.731830622648980       0.536458152248998     
 -0.727620757408416       0.544910754793950     
 -0.722782819701179       0.554612261264059     
 -0.718718429124249       0.562774529495608     
 -0.713778879157461       0.572677198195089     
 -0.704832764699133       0.590624533920654     
 -0.695957896936658       0.608426914979497     
 -0.690723428863907       0.618912095269215     
 -0.687167041810999       0.626058289528153     
 -0.681862368178376       0.636681314749399     
 -0.673107247268580       0.654235058413547     
 -0.667630666831357       0.665196207819790     
 -0.658946998144251       0.682600153551301     
 -0.653318310381354       0.693859649672741     
 -0.644741640613839       0.711042054765249     
 -0.638982741545000       0.722556061272662     
 -0.630547587088623       0.739447320621110     
 -0.624681963140524       0.751168917428520     
 -0.616420981836845       0.767703240611872     
 -0.610473139521419       0.779583538368637     
 -0.604443806436959       0.791624154738955     
 -0.596411247979230       0.807689818342774     
 -0.590334470601733       0.819819971897333     
 -0.584189266946181       0.832084679881524     
 -0.576448806176618       0.847554360358385     
 -0.570291980558655       0.859837463148686     
 -0.564081225853582       0.872226534144356     
 -0.557820618402723       0.884713601741393     
 -0.551514454317779       0.897290255717683     
 -0.544275613301785       0.911740530909967     
 -0.538015407847950       0.924221585740756     
 -0.531725517430554       0.936760932818007     
 -0.525410673666116       0.949349292586900     
 -0.519075724235836       0.961977151585015     
 -0.512725611347992       0.974634805414193     
 -0.506365349100973       0.987312404181499     
 -0.500000000000000      -0.999999999999964     
 -0.493634650899027      -0.987312404181619     
 -0.487274388652008      -0.974634805414118     
 -0.480924275764164      -0.961977151585139     
 -0.474589326333884      -0.949349292586825     
 -0.468274482569446      -0.936760932818128     
 -0.461984592152050      -0.924221585740681     
 -0.455724386698215      -0.911740530910089     
 -0.448485545682221      -0.897290255717803     
 -0.442179381597277      -0.884713601741322     
 -0.435918774146418      -0.872226534144477     
 -0.429708019441345      -0.859837463148611     
 -0.423551193823382      -0.847554360358506     
 -0.415810733053819      -0.832084679881646     
 -0.409665529398267      -0.819819971897260     
 -0.403588752020770      -0.807689818342896     
 -0.395556193563041      -0.791624154739077     
 -0.389526860478581      -0.779583538368564     
 -0.383579018163155      -0.767703240611994     
 -0.375318036859476      -0.751168917428643     
 -0.369452412911377      -0.739447320621038     
 -0.361017258455000      -0.722556061272589     
 -0.355258359386161      -0.711042054765372     
 -0.346681689618646      -0.693859649672864     
 -0.341053001855749      -0.682600153551231     
 -0.332369333168643      -0.665196207819719     
 -0.326892752731420      -0.654235058413671     
 -0.318137631821624      -0.636681314749522     
 -0.312832958189001      -0.626058289528082     
 -0.309276571136093      -0.618912095269337     
 -0.304042103063342      -0.608426914979426     
 -0.295167235300867      -0.590624533920582     
 -0.286221120842539      -0.572677198195019     
 -0.281281570875751      -0.562774529495731     
 -0.277217180298821      -0.554612261263988     
 -0.272379242591584      -0.544910754794073     
 -0.268169377351020      -0.536458152248928     
 -0.263441717870313      -0.526975307605571     
 -0.259092094675648      -0.518244126413688     
 -0.254482941417235      -0.508996591671411     
 -0.245517058582765      -0.491003408328704     
 -0.240907905324352      -0.481755873586251     
 -0.236558282129687      -0.473024692394544     
 -0.231830622648980      -0.463541847751010     
 -0.227620757408416      -0.455089245206042     
 -0.222782819701179      -0.445387738735950     
 -0.218718429124249      -0.437225470504384     
 -0.213778879157461      -0.427322801804919     
 -0.204832764699133      -0.409375466079355     
 -0.195957896936658      -0.391573085020512     
 -0.190723428863907      -0.381087904730778     
 -0.187167041810999      -0.373941710471856     
 -0.181862368178376      -0.363318685250594     
 -0.173107247268580      -0.345764941586446     
 -0.167630666831357      -0.334803792180219     
 -0.158946998144251      -0.317399846448708     
 -0.153318310381354      -0.306140350327252     
 -0.144741640613839      -0.288957945234744     
 -0.138982741545000      -0.277443938727347     
 -0.130547587088623      -0.260552679378900     
 -0.124681963140524      -0.248831082571472     
 -0.116420981836845      -0.232296759388122     
 -0.110473139521419      -0.220416461631373     
 -0.104443806436959      -0.208375845261038     
 -9.641124797922958E-002 -0.192310181657220     
 -9.033447060173311E-002 -0.180180028102676     
 -8.418926694618109E-002 -0.167915320118469     
 -7.644880617661799E-002 -0.152445639641610     
 -7.029198055865539E-002 -0.140162536851325     
 -6.408122585358175E-002 -0.127773465855639     
 -5.782061840272255E-002 -0.115286398258607     
 -5.151445431777945E-002 -0.102709744282317     
 -4.427561330178533E-002 -8.825946909002721E-002
 -3.801540784794967E-002 -7.577841425925466E-002
 -3.172551743055357E-002 -6.323906718198762E-002
 -2.541067366611590E-002 -5.065070741311106E-002
 -1.907572423583623E-002 -3.802284841497541E-002
 -1.272561134799183E-002 -2.536519458582075E-002
 -6.365349100972797E-003 -1.268759581849979E-002
  0.000000000000000E+000  3.510908214407712E-014
  6.365349100972797E-003  1.268759581837948E-002
  1.272561134799183E-002  2.536519458587487E-002
  1.907572423583623E-002  3.802284841486463E-002
  2.541067366611590E-002  5.065070741316661E-002
  3.172551743055357E-002  6.323906718187479E-002
  3.801540784794967E-002  7.577841425931034E-002
  4.427561330178533E-002  8.825946908991469E-002
  5.151445431777945E-002  0.102709744282206     
  5.782061840272255E-002  0.115286398258664     
  6.408122585358175E-002  0.127773465855525     
  7.029198055865539E-002  0.140162536851381     
  7.644880617661799E-002  0.152445639641496     
  8.418926694618109E-002  0.167915320118356     
  9.033447060173311E-002  0.180180028102733     
  9.641124797922958E-002  0.192310181657106     
  0.104443806436959       0.208375845260925     
  0.110473139521419       0.220416461631431     
  0.116420981836845       0.232296759388008     
  0.124681963140524       0.248831082571358     
  0.130547587088623       0.260552679378957     
  0.138982741545000       0.277443938727404     
  0.144741640613839       0.288957945234630     
  0.153318310381354       0.306140350327138     
  0.158946998144251       0.317399846448766     
  0.167630666831357       0.334803792180277     
  0.173107247268580       0.345764941586331     
  0.181862368178376       0.363318685250478     
  0.187167041810999       0.373941710471913     
  0.190723428863907       0.381087904730663     
  0.195957896936658       0.391573085020570     
  0.204832764699133       0.409375466079415     
  0.213778879157461       0.427322801804978     
  0.218718429124249       0.437225470504269     
  0.222782819701179       0.445387738736008     
  0.227620757408416       0.455089245205927     
  0.231830622648980       0.463541847751069     
  0.236558282129687       0.473024692394429     
  0.240907905324352       0.481755873586310     
  0.245517058582765       0.491003408328589     
  0.254482941417235       0.508996591671295     
  0.259092094675648       0.518244126413747     
  0.263441717870313       0.526975307605455     
  0.268169377351020       0.536458152248987     
  0.272379242591584       0.544910754793957     
  0.277217180298821       0.554612261264048     
  0.281281570875751       0.562774529495615     
  0.286221120842539       0.572677198195079     
  0.295167235300867       0.590624533920640     
  0.304042103063342       0.608426914979487     
  0.309276571136093       0.618912095269220     
  0.312832958189001       0.626058289528143     
  0.318137631821624       0.636681314749406     
  0.326892752731420       0.654235058413552     
  0.332369333168643       0.665196207819780     
  0.341053001855749       0.682600153551292     
  0.346681689618646       0.693859649672745     
  0.355258359386161       0.711042054765254     
  0.361017258455000       0.722556061272651     
  0.369452412911377       0.739447320621099     
  0.375318036859476       0.751168917428524     
  0.383579018163155       0.767703240611875     
  0.389526860478581       0.779583538368627     
  0.395556193563041       0.791624154738957     
  0.403588752020770       0.807689818342776     
  0.409665529398267       0.819819971897323     
  0.415810733053819       0.832084679881525     
  0.423551193823382       0.847554360358386     
  0.429708019441345       0.859837463148675     
  0.435918774146418       0.872226534144356     
  0.442179381597277       0.884713601741395     
  0.448485545682221       0.897290255717676     
  0.455724386698215       0.911740530909967     
  0.461984592152050       0.924221585740746     
  0.468274482569446       0.936760932818008     
  0.474589326333884       0.949349292586888     
  0.480924275764164       0.961977151585017     
  0.487274388652008       0.974634805414182     
  0.493634650899027       0.987312404181511     
  0.500000000000000      -0.999999999999972     
  0.506365349100973      -0.987312404181639     
  0.512725611347992      -0.974634805414122     
  0.519075724235836      -0.961977151585141     
  0.525410673666116      -0.949349292586831     
  0.531725517430554      -0.936760932818133     
  0.538015407847950      -0.924221585740688     
  0.544275613301785      -0.911740530910090     
  0.551514454317779      -0.897290255717804     
  0.557820618402723      -0.884713601741331     
  0.564081225853582      -0.872226534144480     
  0.570291980558655      -0.859837463148618     
  0.576448806176618      -0.847554360358509     
  0.584189266946181      -0.832084679881649     
  0.590334470601733      -0.819819971897267     
  0.596411247979230      -0.807689818342899     
  0.604443806436959      -0.791624154739081     
  0.610473139521419      -0.779583538368569     
  0.616420981836845      -0.767703240611998     
  0.624681963140524      -0.751168917428646     
  0.630547587088623      -0.739447320621043     
  0.638982741545000      -0.722556061272594     
  0.644741640613839      -0.711042054765376     
  0.653318310381354      -0.693859649672868     
  0.658946998144251      -0.682600153551234     
  0.667630666831357      -0.665196207819721     
  0.673107247268580      -0.654235058413675     
  0.681862368178376      -0.636681314749528     
  0.687167041810999      -0.626058289528084     
  0.690723428863907      -0.618912095269343     
  0.695957896936658      -0.608426914979428     
  0.704832764699133      -0.590624533920583     
  0.713778879157461      -0.572677198195020     
  0.718718429124249      -0.562774529495738     
  0.722782819701179      -0.554612261263989     
  0.727620757408416      -0.544910754794080     
  0.731830622648980      -0.536458152248928     
  0.736558282129687      -0.526975307605577     
  0.740907905324352      -0.518244126413688     
  0.745517058582765      -0.508996591671418     
  0.754482941417235      -0.491003408328712     
  0.759092094675648      -0.481755873586249     
  0.763441717870313      -0.473024692394553     
  0.768169377351020      -0.463541847751009     
  0.772379242591584      -0.455089245206050     
  0.777217180298821      -0.445387738735948     
  0.781281570875751      -0.437225470504392     
  0.786221120842539      -0.427322801804917     
  0.795167235300867      -0.409375466079353     
  0.804042103063342      -0.391573085020508     
  0.809276571136093      -0.381087904730787     
  0.812832958189001      -0.373941710471852     
  0.818137631821624      -0.363318685250603     
  0.826892752731420      -0.345764941586455     
  0.832369333168643      -0.334803792180214     
  0.841053001855749      -0.317399846448702     
  0.846681689618646      -0.306140350327261     
  0.855258359386161      -0.288957945234754     
  0.861017258455000      -0.277443938727341     
  0.869452412911377      -0.260552679378893     
  0.875318036859476      -0.248831082571482     
  0.883579018163154      -0.232296759388131     
  0.889526860478581      -0.220416461631367     
  0.895556193563041      -0.208375845261047     
  0.903588752020770      -0.192310181657230     
  0.909665529398267      -0.180180028102668     
  0.915810733053819      -0.167915320118480     
  0.923551193823382      -0.152445639641620     
  0.929708019441345      -0.140162536851316     
  0.935918774146418      -0.127773465855648     
  0.942179381597277      -0.115286398258604     
  0.948485545682221      -0.102709744282326     
  0.955724386698215      -8.825946909003839E-002
  0.961984592152050      -7.577841425924366E-002
  0.968274482569446      -6.323906718199818E-002
  0.974589326333884      -5.065070741310312E-002
  0.980924275764164      -3.802284841498669E-002
  0.987274388652008      -2.536519458580475E-002
  0.993634650899027      -1.268759581851610E-002
   1.00000000000000       4.757031048246643E-014
