 -0.993634650899027      -0.993654505268889     
 -0.987274388652008      -0.987314020961518     
 -0.980924275764164      -0.980983532768409     
 -0.974589326333884      -0.974667977085246     
 -0.968274482569446      -0.968372217127513     
 -0.961984592152050      -0.962101020088025     
 -0.955724386698215      -0.955859035548133     
 -0.948485545682221      -0.948632322004986     
 -0.942179381597277      -0.942342687572606     
 -0.935918774146418      -0.936097941272949     
 -0.929708019441345      -0.929902294560362     
 -0.923551193823382      -0.923759738596388     
 -0.915810733053819      -0.916023817059925     
 -0.909665529398267      -0.909890699395173     
 -0.903588752020770      -0.903824978615377     
 -0.895556193563041      -0.895791513345644     
 -0.889526860478581      -0.889770834568097     
 -0.883579018163154      -0.883830436432555     
 -0.875318036859476      -0.875563167687169     
 -0.869452412911377      -0.869702399562760     
 -0.861017258455000      -0.861257060257099     
 -0.855258359386161      -0.855500358843822     
 -0.846681689618646      -0.846909850609817     
 -0.841053001855749      -0.841280654923128     
 -0.832369333168643      -0.832579767474988     
 -0.826892752731420      -0.827099963500922     
 -0.818137631821624      -0.818324536219617     
 -0.812832958189001      -0.813013972259873     
 -0.809276571136093      -0.809441584976802     
 -0.804042103063342      -0.804200039736715     
 -0.795167235300867      -0.795300785340668     
 -0.786221120842539      -0.786329212075110     
 -0.781281570875751      -0.781379074528619     
 -0.777217180298821      -0.777298970118018     
 -0.772379242591584      -0.772449443946844     
 -0.768169377351020      -0.768224244233270     
 -0.763441717870313      -0.763484059991189     
 -0.759092094675648      -0.759119629600313     
 -0.754482941417235      -0.754497092231606     
 -0.745517058582765      -0.745502907768393     
 -0.740907905324352      -0.740880370399687     
 -0.736558282129687      -0.736515940008810     
 -0.731830622648980      -0.731775755766729     
 -0.727620757408416      -0.727550556053155     
 -0.722782819701179      -0.722701029881981     
 -0.718718429124249      -0.718620925471381     
 -0.713778879157461      -0.713670787924890     
 -0.704832764699133      -0.704699214659329     
 -0.695957896936658      -0.695799960263285     
 -0.690723428863907      -0.690558415023198     
 -0.687167041810999      -0.686986027740127     
 -0.681862368178376      -0.681675463780382     
 -0.673107247268580      -0.672900036499078     
 -0.667630666831357      -0.667420232525011     
 -0.658946998144251      -0.658719345076872     
 -0.653318310381354      -0.653090149390183     
 -0.644741640613839      -0.644499641156177     
 -0.638982741545000      -0.638742939742900     
 -0.630547587088623      -0.630297600437239     
 -0.624681963140524      -0.624436832312831     
 -0.616420981836845      -0.616169563567444     
 -0.610473139521419      -0.610229165431902     
 -0.604443806436959      -0.604208486654356     
 -0.596411247979230      -0.596175021384623     
 -0.590334470601733      -0.590109300604827     
 -0.584189266946181      -0.583976182940074     
 -0.576448806176618      -0.576240261403612     
 -0.570291980558655      -0.570097705439638     
 -0.564081225853582      -0.563902058727051     
 -0.557820618402723      -0.557657312427391     
 -0.551514454317779      -0.551367677995017     
 -0.544275613301785      -0.544140964451867     
 -0.538015407847950      -0.537898979911975     
 -0.531725517430554      -0.531627782872487     
 -0.525410673666116      -0.525332022914753     
 -0.519075724235836      -0.519016467231592     
 -0.512725611347992      -0.512685979038482     
 -0.506365349100973      -0.506345494731109     
 -0.500000000000000      -0.500000000000000     
 -0.493634650899027      -0.493654505268891     
 -0.487274388652008      -0.487314020961517     
 -0.480924275764164      -0.480983532768410     
 -0.474589326333884      -0.474667977085246     
 -0.468274482569446      -0.468372217127513     
 -0.461984592152050      -0.462101020088025     
 -0.455724386698215      -0.455859035548133     
 -0.448485545682221      -0.448632322004983     
 -0.442179381597277      -0.442342687572608     
 -0.435918774146418      -0.436097941272950     
 -0.429708019441345      -0.429902294560361     
 -0.423551193823382      -0.423759738596389     
 -0.415810733053819      -0.416023817059926     
 -0.409665529398267      -0.409890699395173     
 -0.403588752020770      -0.403824978615378     
 -0.395556193563041      -0.395791513345644     
 -0.389526860478581      -0.389770834568098     
 -0.383579018163155      -0.383830436432556     
 -0.375318036859476      -0.375563167687169     
 -0.369452412911377      -0.369702399562761     
 -0.361017258455000      -0.361257060257100     
 -0.355258359386161      -0.355500358843823     
 -0.346681689618646      -0.346909850609817     
 -0.341053001855749      -0.341280654923129     
 -0.332369333168643      -0.332579767474989     
 -0.326892752731420      -0.327099963500922     
 -0.318137631821624      -0.318324536219619     
 -0.312832958189001      -0.313013972259873     
 -0.309276571136093      -0.309441584976802     
 -0.304042103063342      -0.304200039736715     
 -0.295167235300867      -0.295300785340669     
 -0.286221120842539      -0.286329212075110     
 -0.281281570875751      -0.281379074528619     
 -0.277217180298821      -0.277298970118018     
 -0.272379242591584      -0.272449443946845     
 -0.268169377351020      -0.268224244233270     
 -0.263441717870313      -0.263484059991190     
 -0.259092094675648      -0.259119629600312     
 -0.254482941417235      -0.254497092231607     
 -0.245517058582765      -0.245502907768393     
 -0.240907905324352      -0.240880370399687     
 -0.236558282129687      -0.236515940008811     
 -0.231830622648980      -0.231775755766730     
 -0.227620757408416      -0.227550556053156     
 -0.222782819701179      -0.222701029881982     
 -0.218718429124249      -0.218620925471381     
 -0.213778879157461      -0.213670787924890     
 -0.204832764699133      -0.204699214659332     
 -0.195957896936658      -0.195799960263285     
 -0.190723428863907      -0.190558415023198     
 -0.187167041810999      -0.186986027740127     
 -0.181862368178376      -0.181675463780382     
 -0.173107247268580      -0.172900036499078     
 -0.167630666831357      -0.167420232525012     
 -0.158946998144251      -0.158719345076872     
 -0.153318310381354      -0.153090149390182     
 -0.144741640613839      -0.144499641156178     
 -0.138982741545000      -0.138742939742900     
 -0.130547587088623      -0.130297600437239     
 -0.124681963140524      -0.124436832312831     
 -0.116420981836845      -0.116169563567444     
 -0.110473139521419      -0.110229165431902     
 -0.104443806436959      -0.104208486654356     
 -9.641124797922958E-002 -9.617502138462250E-002
 -9.033447060173311E-002 -9.010930060482755E-002
 -8.418926694618109E-002 -8.397618294007381E-002
 -7.644880617661799E-002 -7.624026140361134E-002
 -7.029198055865539E-002 -7.009770543963852E-002
 -6.408122585358175E-002 -6.390205872705049E-002
 -5.782061840272255E-002 -5.765731242739466E-002
 -5.151445431777945E-002 -5.136767799501371E-002
 -4.427561330178533E-002 -4.414096445186663E-002
 -3.801540784794967E-002 -3.789897991197535E-002
 -3.172551743055357E-002 -3.162778287248630E-002
 -2.541067366611590E-002 -2.533202291475366E-002
 -1.907572423583623E-002 -1.901646723159030E-002
 -1.272561134799183E-002 -1.268597903848486E-002
 -6.365349100972797E-003 -6.345494731103510E-003
  0.000000000000000E+000 -3.896810732566534E-015
  6.365349100972797E-003  6.345494731108280E-003
  1.272561134799183E-002  1.268597903848401E-002
  1.907572423583623E-002  1.901646723158999E-002
  2.541067366611590E-002  2.533202291475290E-002
  3.172551743055357E-002  3.162778287248642E-002
  3.801540784794967E-002  3.789897991197550E-002
  4.427561330178533E-002  4.414096445186656E-002
  5.151445431777945E-002  5.136767799501368E-002
  5.782061840272255E-002  5.765731242739398E-002
  6.408122585358175E-002  6.390205872705014E-002
  7.029198055865539E-002  7.009770543963849E-002
  7.644880617661799E-002  7.624026140361140E-002
  8.418926694618109E-002  8.397618294007470E-002
  9.033447060173311E-002  9.010930060482709E-002
  9.641124797922958E-002  9.617502138462256E-002
  0.104443806436959       0.104208486654356     
  0.110473139521419       0.110229165431902     
  0.116420981836845       0.116169563567444     
  0.124681963140524       0.124436832312831     
  0.130547587088623       0.130297600437239     
  0.138982741545000       0.138742939742900     
  0.144741640613839       0.144499641156177     
  0.153318310381354       0.153090149390183     
  0.158946998144251       0.158719345076872     
  0.167630666831357       0.167420232525012     
  0.173107247268580       0.172900036499078     
  0.181862368178376       0.181675463780382     
  0.187167041810999       0.186986027740127     
  0.190723428863907       0.190558415023198     
  0.195957896936658       0.195799960263285     
  0.204832764699133       0.204699214659330     
  0.213778879157461       0.213670787924890     
  0.218718429124249       0.218620925471381     
  0.222782819701179       0.222701029881981     
  0.227620757408416       0.227550556053155     
  0.231830622648980       0.231775755766729     
  0.236558282129687       0.236515940008810     
  0.240907905324352       0.240880370399687     
  0.245517058582765       0.245502907768393     
  0.254482941417235       0.254497092231607     
  0.259092094675648       0.259119629600312     
  0.263441717870313       0.263484059991189     
  0.268169377351020       0.268224244233270     
  0.272379242591584       0.272449443946845     
  0.277217180298821       0.277298970118018     
  0.281281570875751       0.281379074528619     
  0.286221120842539       0.286329212075109     
  0.295167235300867       0.295300785340668     
  0.304042103063342       0.304200039736714     
  0.309276571136093       0.309441584976802     
  0.312832958189001       0.313013972259873     
  0.318137631821624       0.318324536219618     
  0.326892752731420       0.327099963500922     
  0.332369333168643       0.332579767474988     
  0.341053001855749       0.341280654923128     
  0.346681689618646       0.346909850609817     
  0.355258359386161       0.355500358843822     
  0.361017258455000       0.361257060257099     
  0.369452412911377       0.369702399562761     
  0.375318036859476       0.375563167687169     
  0.383579018163155       0.383830436432556     
  0.389526860478581       0.389770834568099     
  0.395556193563041       0.395791513345644     
  0.403588752020770       0.403824978615378     
  0.409665529398267       0.409890699395172     
  0.415810733053819       0.416023817059926     
  0.423551193823382       0.423759738596388     
  0.429708019441345       0.429902294560361     
  0.435918774146418       0.436097941272949     
  0.442179381597277       0.442342687572607     
  0.448485545682221       0.448632322004986     
  0.455724386698215       0.455859035548133     
  0.461984592152050       0.462101020088024     
  0.468274482569446       0.468372217127513     
  0.474589326333884       0.474667977085246     
  0.480924275764164       0.480983532768410     
  0.487274388652008       0.487314020961515     
  0.493634650899027       0.493654505268899     
  0.500000000000000       0.499999999999996     
  0.506365349100973       0.506345494731107     
  0.512725611347992       0.512685979038481     
  0.519075724235836       0.519016467231592     
  0.525410673666116       0.525332022914752     
  0.531725517430554       0.531627782872487     
  0.538015407847950       0.537898979911975     
  0.544275613301785       0.544140964451866     
  0.551514454317779       0.551367677995015     
  0.557820618402723       0.557657312427391     
  0.564081225853582       0.563902058727051     
  0.570291980558655       0.570097705439638     
  0.576448806176618       0.576240261403611     
  0.584189266946181       0.583976182940074     
  0.590334470601733       0.590109300604827     
  0.596411247979230       0.596175021384622     
  0.604443806436959       0.604208486654356     
  0.610473139521419       0.610229165431902     
  0.616420981836845       0.616169563567444     
  0.624681963140524       0.624436832312831     
  0.630547587088623       0.630297600437239     
  0.638982741545000       0.638742939742900     
  0.644741640613839       0.644499641156177     
  0.653318310381354       0.653090149390182     
  0.658946998144251       0.658719345076872     
  0.667630666831357       0.667420232525012     
  0.673107247268580       0.672900036499078     
  0.681862368178376       0.681675463780382     
  0.687167041810999       0.686986027740127     
  0.690723428863907       0.690558415023198     
  0.695957896936658       0.695799960263285     
  0.704832764699133       0.704699214659332     
  0.713778879157461       0.713670787924890     
  0.718718429124249       0.718620925471381     
  0.722782819701179       0.722701029881982     
  0.727620757408416       0.727550556053155     
  0.731830622648980       0.731775755766730     
  0.736558282129687       0.736515940008810     
  0.740907905324352       0.740880370399688     
  0.745517058582765       0.745502907768393     
  0.754482941417235       0.754497092231607     
  0.759092094675648       0.759119629600313     
  0.763441717870313       0.763484059991189     
  0.768169377351020       0.768224244233270     
  0.772379242591584       0.772449443946844     
  0.777217180298821       0.777298970118019     
  0.781281570875751       0.781379074528619     
  0.786221120842539       0.786329212075110     
  0.795167235300867       0.795300785340670     
  0.804042103063342       0.804200039736715     
  0.809276571136093       0.809441584976802     
  0.812832958189001       0.813013972259873     
  0.818137631821624       0.818324536219618     
  0.826892752731420       0.827099963500922     
  0.832369333168643       0.832579767474989     
  0.841053001855749       0.841280654923128     
  0.846681689618646       0.846909850609817     
  0.855258359386161       0.855500358843822     
  0.861017258455000       0.861257060257100     
  0.869452412911377       0.869702399562762     
  0.875318036859476       0.875563167687169     
  0.883579018163154       0.883830436432556     
  0.889526860478581       0.889770834568098     
  0.895556193563041       0.895791513345645     
  0.903588752020770       0.903824978615377     
  0.909665529398267       0.909890699395173     
  0.915810733053819       0.916023817059926     
  0.923551193823382       0.923759738596388     
  0.929708019441345       0.929902294560362     
  0.935918774146418       0.936097941272950     
  0.942179381597277       0.942342687572609     
  0.948485545682221       0.948632322004985     
  0.955724386698215       0.955859035548133     
  0.961984592152050       0.962101020088025     
  0.968274482569446       0.968372217127514     
  0.974589326333884       0.974667977085247     
  0.980924275764164       0.980983532768408     
  0.987274388652008       0.987314020961519     
  0.993634650899027       0.993654505268890     
   1.00000000000000        1.00000000000000     
