 -0.993634650899027       2.546139633175457E-002
 -0.987274388652008       5.090244705280173E-002
 -0.980924275764164       7.630290049825571E-002
 -0.974589326333884       0.101642692031740     
 -0.968274482569446       0.126902071338460     
 -0.961984592152050       0.152061630384434     
 -0.955724386698215       0.177102452948904     
 -0.948485545682221       0.206057815285604     
 -0.942179381597277       0.231282469398841     
 -0.935918774146418       0.256324900090690     
 -0.929708019441345       0.281167915266330     
 -0.923551193823382       0.305795223914629     
 -0.915810733053819       0.336757067238973     
 -0.909665529398267       0.361337881580898     
 -0.903588752020770       0.385644993486187     
 -0.895556193563041       0.417775227255190     
 -0.889526860478581       0.441892560171145     
 -0.883579018163154       0.465683926859142     
 -0.875318036859476       0.498727852535215     
 -0.869452412911377       0.522190347282469     
 -0.861017258455000       0.555930967286887     
 -0.855258359386161       0.578966563880203     
 -0.846681689618646       0.613273245946433     
 -0.841053001855749       0.635787999790020     
 -0.832369333168643       0.670522665150971     
 -0.826892752731420       0.692428996071441     
 -0.818137631821624       0.727449482166866     
 -0.812832958189001       0.748668173530823     
 -0.809276571136093       0.762893708396243     
 -0.804042103063342       0.783831593980410     
 -0.795167235300867       0.819331068723075     
 -0.786221120842539       0.855115511480290     
 -0.781281570875751       0.874873715529735     
 -0.777217180298821       0.891131280075683     
 -0.772379242591584       0.910483028803146     
 -0.768169377351020       0.927322488353890     
 -0.763441717870313       0.946233127431111     
 -0.759092094675648       0.963631620110470     
 -0.754482941417235       0.982068234182326     
 -0.745517058582765      -0.982068234182326     
 -0.740907905324352      -0.963631620110470     
 -0.736558282129687      -0.946233127431111     
 -0.731830622648980      -0.927322488353890     
 -0.727620757408416      -0.910483028803146     
 -0.722782819701179      -0.891131280075683     
 -0.718718429124249      -0.874873715529735     
 -0.713778879157461      -0.855115511480290     
 -0.704832764699133      -0.819331068723075     
 -0.695957896936658      -0.783831593980410     
 -0.690723428863907      -0.762893708396243     
 -0.687167041810999      -0.748668173530823     
 -0.681862368178376      -0.727449482166866     
 -0.673107247268580      -0.692428996071441     
 -0.667630666831357      -0.670522665150971     
 -0.658946998144251      -0.635787999790020     
 -0.653318310381354      -0.613273245946433     
 -0.644741640613839      -0.578966563880203     
 -0.638982741545000      -0.555930967286887     
 -0.630547587088623      -0.522190347282469     
 -0.624681963140524      -0.498727852535215     
 -0.616420981836845      -0.465683926859142     
 -0.610473139521419      -0.441892560171145     
 -0.604443806436959      -0.417775227255190     
 -0.596411247979230      -0.385644993486187     
 -0.590334470601733      -0.361337881580898     
 -0.584189266946181      -0.336757067238973     
 -0.576448806176618      -0.305795223914629     
 -0.570291980558655      -0.281167915266330     
 -0.564081225853582      -0.256324900090690     
 -0.557820618402723      -0.231282469398841     
 -0.551514454317779      -0.206057815285604     
 -0.544275613301785      -0.177102452948904     
 -0.538015407847950      -0.152061630384434     
 -0.531725517430554      -0.126902071338460     
 -0.525410673666116      -0.101642692031740     
 -0.519075724235836      -7.630290049825571E-002
 -0.512725611347992      -5.090244705280173E-002
 -0.506365349100973      -2.546139633175457E-002
 -0.500000000000000       7.796344005234446E-017
 -0.493634650899027       2.546139633175457E-002
 -0.487274388652008       5.090244705280173E-002
 -0.480924275764164       7.630290049825571E-002
 -0.474589326333884       0.101642692031740     
 -0.468274482569446       0.126902071338460     
 -0.461984592152050       0.152061630384434     
 -0.455724386698215       0.177102452948904     
 -0.448485545682221       0.206057815285604     
 -0.442179381597277       0.231282469398841     
 -0.435918774146418       0.256324900090690     
 -0.429708019441345       0.281167915266330     
 -0.423551193823382       0.305795223914629     
 -0.415810733053819       0.336757067238973     
 -0.409665529398267       0.361337881580898     
 -0.403588752020770       0.385644993486187     
 -0.395556193563041       0.417775227255190     
 -0.389526860478581       0.441892560171145     
 -0.383579018163155       0.465683926859142     
 -0.375318036859476       0.498727852535215     
 -0.369452412911377       0.522190347282469     
 -0.361017258455000       0.555930967286887     
 -0.355258359386161       0.578966563880203     
 -0.346681689618646       0.613273245946433     
 -0.341053001855749       0.635787999790020     
 -0.332369333168643       0.670522665150971     
 -0.326892752731420       0.692428996071441     
 -0.318137631821624       0.727449482166866     
 -0.312832958189001       0.748668173530823     
 -0.309276571136093       0.762893708396243     
 -0.304042103063342       0.783831593980410     
 -0.295167235300867       0.819331068723075     
 -0.286221120842539       0.855115511480290     
 -0.281281570875751       0.874873715529735     
 -0.277217180298821       0.891131280075683     
 -0.272379242591584       0.910483028803146     
 -0.268169377351020       0.927322488353890     
 -0.263441717870313       0.946233127431111     
 -0.259092094675648       0.963631620110470     
 -0.254482941417235       0.982068234182326     
 -0.245517058582765      -0.982068234182326     
 -0.240907905324352      -0.963631620110470     
 -0.236558282129687      -0.946233127431111     
 -0.231830622648980      -0.927322488353890     
 -0.227620757408416      -0.910483028803146     
 -0.222782819701179      -0.891131280075683     
 -0.218718429124249      -0.874873715529735     
 -0.213778879157461      -0.855115511480290     
 -0.204832764699133      -0.819331068723075     
 -0.195957896936658      -0.783831593980410     
 -0.190723428863907      -0.762893708396243     
 -0.187167041810999      -0.748668173530823     
 -0.181862368178376      -0.727449482166866     
 -0.173107247268580      -0.692428996071441     
 -0.167630666831357      -0.670522665150971     
 -0.158946998144251      -0.635787999790020     
 -0.153318310381354      -0.613273245946433     
 -0.144741640613839      -0.578966563880203     
 -0.138982741545000      -0.555930967286887     
 -0.130547587088623      -0.522190347282469     
 -0.124681963140524      -0.498727852535215     
 -0.116420981836845      -0.465683926859142     
 -0.110473139521419      -0.441892560171145     
 -0.104443806436959      -0.417775227255190     
 -9.641124797922958E-002 -0.385644993486187     
 -9.033447060173311E-002 -0.361337881580898     
 -8.418926694618109E-002 -0.336757067238973     
 -7.644880617661799E-002 -0.305795223914629     
 -7.029198055865539E-002 -0.281167915266330     
 -6.408122585358175E-002 -0.256324900090690     
 -5.782061840272255E-002 -0.231282469398841     
 -5.151445431777945E-002 -0.206057815285604     
 -4.427561330178533E-002 -0.177102452948904     
 -3.801540784794967E-002 -0.152061630384434     
 -3.172551743055357E-002 -0.126902071338460     
 -2.541067366611590E-002 -0.101642692031740     
 -1.907572423583623E-002 -7.630290049825571E-002
 -1.272561134799183E-002 -5.090244705280173E-002
 -6.365349100972797E-003 -2.546139633175457E-002
  0.000000000000000E+000  0.000000000000000E+000
  6.365349100972797E-003  2.546139633175457E-002
  1.272561134799183E-002  5.090244705280173E-002
  1.907572423583623E-002  7.630290049825571E-002
  2.541067366611590E-002  0.101642692031740     
  3.172551743055357E-002  0.126902071338460     
  3.801540784794967E-002  0.152061630384434     
  4.427561330178533E-002  0.177102452948904     
  5.151445431777945E-002  0.206057815285604     
  5.782061840272255E-002  0.231282469398841     
  6.408122585358175E-002  0.256324900090690     
  7.029198055865539E-002  0.281167915266330     
  7.644880617661799E-002  0.305795223914629     
  8.418926694618109E-002  0.336757067238973     
  9.033447060173311E-002  0.361337881580898     
  9.641124797922958E-002  0.385644993486187     
  0.104443806436959       0.417775227255190     
  0.110473139521419       0.441892560171145     
  0.116420981836845       0.465683926859142     
  0.124681963140524       0.498727852535215     
  0.130547587088623       0.522190347282469     
  0.138982741545000       0.555930967286887     
  0.144741640613839       0.578966563880203     
  0.153318310381354       0.613273245946433     
  0.158946998144251       0.635787999790020     
  0.167630666831357       0.670522665150971     
  0.173107247268580       0.692428996071441     
  0.181862368178376       0.727449482166866     
  0.187167041810999       0.748668173530823     
  0.190723428863907       0.762893708396243     
  0.195957896936658       0.783831593980410     
  0.204832764699133       0.819331068723075     
  0.213778879157461       0.855115511480290     
  0.218718429124249       0.874873715529735     
  0.222782819701179       0.891131280075683     
  0.227620757408416       0.910483028803146     
  0.231830622648980       0.927322488353890     
  0.236558282129687       0.946233127431111     
  0.240907905324352       0.963631620110470     
  0.245517058582765       0.982068234182326     
  0.254482941417235      -0.982068234182326     
  0.259092094675648      -0.963631620110470     
  0.263441717870313      -0.946233127431111     
  0.268169377351020      -0.927322488353890     
  0.272379242591584      -0.910483028803146     
  0.277217180298821      -0.891131280075683     
  0.281281570875751      -0.874873715529735     
  0.286221120842539      -0.855115511480290     
  0.295167235300867      -0.819331068723075     
  0.304042103063342      -0.783831593980410     
  0.309276571136093      -0.762893708396243     
  0.312832958189001      -0.748668173530823     
  0.318137631821624      -0.727449482166866     
  0.326892752731420      -0.692428996071441     
  0.332369333168643      -0.670522665150971     
  0.341053001855749      -0.635787999790020     
  0.346681689618646      -0.613273245946433     
  0.355258359386161      -0.578966563880203     
  0.361017258455000      -0.555930967286887     
  0.369452412911377      -0.522190347282469     
  0.375318036859476      -0.498727852535215     
  0.383579018163155      -0.465683926859142     
  0.389526860478581      -0.441892560171145     
  0.395556193563041      -0.417775227255190     
  0.403588752020770      -0.385644993486187     
  0.409665529398267      -0.361337881580898     
  0.415810733053819      -0.336757067238973     
  0.423551193823382      -0.305795223914629     
  0.429708019441345      -0.281167915266330     
  0.435918774146418      -0.256324900090690     
  0.442179381597277      -0.231282469398841     
  0.448485545682221      -0.206057815285604     
  0.455724386698215      -0.177102452948904     
  0.461984592152050      -0.152061630384434     
  0.468274482569446      -0.126902071338460     
  0.474589326333884      -0.101642692031740     
  0.480924275764164      -7.630290049825571E-002
  0.487274388652008      -5.090244705280173E-002
  0.493634650899027      -2.546139633175457E-002
  0.500000000000000      -7.796344005234446E-017
  0.506365349100973       2.546139633175457E-002
  0.512725611347992       5.090244705280173E-002
  0.519075724235836       7.630290049825571E-002
  0.525410673666116       0.101642692031740     
  0.531725517430554       0.126902071338460     
  0.538015407847950       0.152061630384434     
  0.544275613301785       0.177102452948904     
  0.551514454317779       0.206057815285604     
  0.557820618402723       0.231282469398841     
  0.564081225853582       0.256324900090690     
  0.570291980558655       0.281167915266330     
  0.576448806176618       0.305795223914629     
  0.584189266946181       0.336757067238973     
  0.590334470601733       0.361337881580898     
  0.596411247979230       0.385644993486187     
  0.604443806436959       0.417775227255190     
  0.610473139521419       0.441892560171145     
  0.616420981836845       0.465683926859142     
  0.624681963140524       0.498727852535215     
  0.630547587088623       0.522190347282469     
  0.638982741545000       0.555930967286887     
  0.644741640613839       0.578966563880203     
  0.653318310381354       0.613273245946433     
  0.658946998144251       0.635787999790020     
  0.667630666831357       0.670522665150971     
  0.673107247268580       0.692428996071441     
  0.681862368178376       0.727449482166866     
  0.687167041810999       0.748668173530823     
  0.690723428863907       0.762893708396243     
  0.695957896936658       0.783831593980410     
  0.704832764699133       0.819331068723075     
  0.713778879157461       0.855115511480290     
  0.718718429124249       0.874873715529735     
  0.722782819701179       0.891131280075683     
  0.727620757408416       0.910483028803146     
  0.731830622648980       0.927322488353890     
  0.736558282129687       0.946233127431111     
  0.740907905324352       0.963631620110470     
  0.745517058582765       0.982068234182326     
  0.754482941417235      -0.982068234182326     
  0.759092094675648      -0.963631620110470     
  0.763441717870313      -0.946233127431111     
  0.768169377351020      -0.927322488353890     
  0.772379242591584      -0.910483028803146     
  0.777217180298821      -0.891131280075683     
  0.781281570875751      -0.874873715529735     
  0.786221120842539      -0.855115511480290     
  0.795167235300867      -0.819331068723075     
  0.804042103063342      -0.783831593980410     
  0.809276571136093      -0.762893708396243     
  0.812832958189001      -0.748668173530823     
  0.818137631821624      -0.727449482166866     
  0.826892752731420      -0.692428996071441     
  0.832369333168643      -0.670522665150971     
  0.841053001855749      -0.635787999790020     
  0.846681689618646      -0.613273245946433     
  0.855258359386161      -0.578966563880203     
  0.861017258455000      -0.555930967286887     
  0.869452412911377      -0.522190347282469     
  0.875318036859476      -0.498727852535215     
  0.883579018163154      -0.465683926859142     
  0.889526860478581      -0.441892560171145     
  0.895556193563041      -0.417775227255190     
  0.903588752020770      -0.385644993486187     
  0.909665529398267      -0.361337881580898     
  0.915810733053819      -0.336757067238973     
  0.923551193823382      -0.305795223914629     
  0.929708019441345      -0.281167915266330     
  0.935918774146418      -0.256324900090690     
  0.942179381597277      -0.231282469398841     
  0.948485545682221      -0.206057815285604     
  0.955724386698215      -0.177102452948904     
  0.961984592152050      -0.152061630384434     
  0.968274482569446      -0.126902071338460     
  0.974589326333884      -0.101642692031740     
  0.980924275764164      -7.630290049825571E-002
  0.987274388652008      -5.090244705280173E-002
  0.993634650899027      -2.546139633175457E-002
   1.00000000000000      -1.559268801046889E-016
