 -0.993634650899027      -0.993654505234346     
 -0.987274388652008      -0.987314020892607     
 -0.980924275764164      -0.980983532665675     
 -0.974589326333884      -0.974667976949338     
 -0.968274482569446      -0.968372216959419     
 -0.961984592152050      -0.962101019888829     
 -0.955724386698215      -0.955859035319229     
 -0.948485545682221      -0.948632321744300     
 -0.942179381597277      -0.942342687285228     
 -0.935918774146418      -0.936097940960841     
 -0.929708019441345      -0.929902294225514     
 -0.923551193823382      -0.923759738241006     
 -0.915810733053819      -0.916023816682958     
 -0.909665529398267      -0.909890699002512     
 -0.903588752020770      -0.903824978209494     
 -0.895556193563041      -0.895791512927312     
 -0.889526860478581      -0.889770834142028     
 -0.883579018163154      -0.883830436001255     
 -0.875318036859476      -0.875563167254107     
 -0.869452412911377      -0.869702399130077     
 -0.861017258455000      -0.861257059830703     
 -0.855258359386161      -0.855500358423357     
 -0.846681689618646      -0.846909850203801     
 -0.841053001855749      -0.841280654528066     
 -0.832369333168643      -0.832579767102264     
 -0.826892752731420      -0.827099963143643     
 -0.818137631821624      -0.818324535891917     
 -0.812832958189001      -0.813013971951188     
 -0.809276571136093      -0.809441584682972     
 -0.804042103063342      -0.804200039463868     
 -0.795167235300867      -0.795300785107287     
 -0.786221120842539      -0.786329211884370     
 -0.781281570875751      -0.781379074362068     
 -0.777217180298821      -0.777298969972559     
 -0.772379242591584      -0.772449443826221     
 -0.768169377351020      -0.768224244135133     
 -0.763441717870313      -0.763484059918149     
 -0.759092094675648      -0.759119629550889     
 -0.754482941417235      -0.754497092207159     
 -0.745517058582765      -0.745502907792880     
 -0.740907905324352      -0.740880370449100     
 -0.736558282129687      -0.736515940081892     
 -0.731830622648980      -0.731775755864856     
 -0.727620757408416      -0.727550556173819     
 -0.722782819701179      -0.722701030027429     
 -0.718718429124249      -0.718620925637972     
 -0.713778879157461      -0.713670788115618     
 -0.704832764699133      -0.704699214892698     
 -0.695957896936658      -0.695799960536121     
 -0.690723428863907      -0.690558415317068     
 -0.687167041810999      -0.686986028048801     
 -0.681862368178376      -0.681675464108123     
 -0.673107247268580      -0.672900036856397     
 -0.667630666831357      -0.667420232897725     
 -0.658946998144251      -0.658719345471922     
 -0.653318310381354      -0.653090149796239     
 -0.644741640613839      -0.644499641576682     
 -0.638982741545000      -0.638742940169286     
 -0.630547587088623      -0.630297600869913     
 -0.624681963140524      -0.624436832745933     
 -0.616420981836845      -0.616169563998785     
 -0.610473139521419      -0.610229165857961     
 -0.604443806436959      -0.604208487072728     
 -0.596411247979230      -0.596175021790545     
 -0.590334470601733      -0.590109300997478     
 -0.584189266946181      -0.583976183317081     
 -0.576448806176618      -0.576240261759034     
 -0.570291980558655      -0.570097705774476     
 -0.564081225853582      -0.563902059039198     
 -0.557820618402723      -0.557657312714767     
 -0.551514454317779      -0.551367678255735     
 -0.544275613301785      -0.544140964680810     
 -0.538015407847950      -0.537898980111161     
 -0.531725517430554      -0.531627783040621     
 -0.525410673666116      -0.525332023050651     
 -0.519075724235836      -0.519016467334365     
 -0.512725611347992      -0.512685979107383     
 -0.506365349100973      -0.506345494765691     
 -0.500000000000000      -0.499999999999996     
 -0.493634650899027      -0.493654505234342     
 -0.487274388652008      -0.487314020892611     
 -0.480924275764164      -0.480983532665669     
 -0.474589326333884      -0.474667976949341     
 -0.468274482569446      -0.468372216959414     
 -0.461984592152050      -0.462101019888831     
 -0.455724386698215      -0.455859035319224     
 -0.448485545682221      -0.448632321744296     
 -0.442179381597277      -0.442342687285229     
 -0.435918774146418      -0.436097940960835     
 -0.429708019441345      -0.429902294225518     
 -0.423551193823382      -0.423759738240999     
 -0.415810733053819      -0.416023816682952     
 -0.409665529398267      -0.409890699002516     
 -0.403588752020770      -0.403824978209488     
 -0.395556193563041      -0.395791512927306     
 -0.389526860478581      -0.389770834142032     
 -0.383579018163155      -0.383830436001248     
 -0.375318036859476      -0.375563167254101     
 -0.369452412911377      -0.369702399130080     
 -0.361017258455000      -0.361257059830708     
 -0.355258359386161      -0.355500358423351     
 -0.346681689618646      -0.346909850203794     
 -0.341053001855749      -0.341280654528071     
 -0.332369333168643      -0.332579767102268     
 -0.326892752731420      -0.327099963143636     
 -0.318137631821624      -0.318324535891910     
 -0.312832958189001      -0.313013971951193     
 -0.309276571136093      -0.309441584682965     
 -0.304042103063342      -0.304200039463874     
 -0.295167235300867      -0.295300785107294     
 -0.286221120842539      -0.286329211884375     
 -0.281281570875751      -0.281379074362061     
 -0.277217180298821      -0.277298969972565     
 -0.272379242591584      -0.272449443826214     
 -0.268169377351020      -0.268224244135139     
 -0.263441717870313      -0.263484059918142     
 -0.259092094675648      -0.259119629550895     
 -0.254482941417235      -0.254497092207153     
 -0.245517058582765      -0.245502907792874     
 -0.240907905324352      -0.240880370449106     
 -0.236558282129687      -0.236515940081885     
 -0.231830622648980      -0.231775755864862     
 -0.227620757408416      -0.227550556173813     
 -0.222782819701179      -0.222701030027436     
 -0.218718429124249      -0.218620925637965     
 -0.213778879157461      -0.213670788115626     
 -0.204832764699133      -0.204699214892707     
 -0.195957896936658      -0.195799960536128     
 -0.190723428863907      -0.190558415317062     
 -0.187167041810999      -0.186986028048808     
 -0.181862368178376      -0.181675464108116     
 -0.173107247268580      -0.172900036856390     
 -0.167630666831357      -0.167420232897732     
 -0.158946998144251      -0.158719345471930     
 -0.153318310381354      -0.153090149796233     
 -0.144741640613839      -0.144499641576676     
 -0.138982741545000      -0.138742940169293     
 -0.130547587088623      -0.130297600869920     
 -0.124681963140524      -0.124436832745927     
 -0.116420981836845      -0.116169563998779     
 -0.110473139521419      -0.110229165857969     
 -0.104443806436959      -0.104208487072721     
 -9.641124797922958E-002 -9.617502179053933E-002
 -9.033447060173311E-002 -9.010930099748474E-002
 -8.418926694618109E-002 -8.397618331707601E-002
 -7.644880617661799E-002 -7.624026175902830E-002
 -7.029198055865539E-002 -7.009770577448261E-002
 -6.408122585358175E-002 -6.390205903919315E-002
 -5.782061840272255E-002 -5.765731271477411E-002
 -5.151445431777945E-002 -5.136767825572861E-002
 -4.427561330178533E-002 -4.414096468080454E-002
 -3.801540784794967E-002 -3.789898011116873E-002
 -3.172551743055357E-002 -3.162778304061512E-002
 -2.541067366611590E-002 -2.533202305065892E-002
 -1.907572423583623E-002 -1.901646733435837E-002
 -1.272561134799183E-002 -1.268597910739032E-002
 -6.365349100972797E-003 -6.345494765692234E-003
  0.000000000000000E+000 -3.903801901483610E-015
  6.365349100972797E-003  6.345494765669269E-003
  1.272561134799183E-002  1.268597910738321E-002
  1.907572423583623E-002  1.901646733433492E-002
  2.541067366611590E-002  2.533202305065119E-002
  3.172551743055357E-002  3.162778304059214E-002
  3.801540784794967E-002  3.789898011116209E-002
  4.427561330178533E-002  4.414096468078043E-002
  5.151445431777945E-002  5.136767825570428E-002
  5.782061840272255E-002  5.765731271476836E-002
  6.408122585358175E-002  6.390205903916872E-002
  7.029198055865539E-002  7.009770577447617E-002
  7.644880617661799E-002  7.624026175900461E-002
  8.418926694618109E-002  8.397618331705115E-002
  9.033447060173311E-002  9.010930099747827E-002
  9.641124797922958E-002  9.617502179051547E-002
  0.104443806436959       0.104208487072698     
  0.110473139521419       0.110229165857962     
  0.116420981836845       0.116169563998755     
  0.124681963140524       0.124436832745902     
  0.130547587088623       0.130297600869913     
  0.138982741545000       0.138742940169287     
  0.144741640613839       0.144499641576652     
  0.153318310381354       0.153090149796208     
  0.158946998144251       0.158719345471924     
  0.167630666831357       0.167420232897727     
  0.173107247268580       0.172900036856365     
  0.181862368178376       0.181675464108091     
  0.187167041810999       0.186986028048803     
  0.190723428863907       0.190558415317036     
  0.195957896936658       0.195799960536123     
  0.204832764699133       0.204699214892702     
  0.213778879157461       0.213670788115620     
  0.218718429124249       0.218620925637939     
  0.222782819701179       0.222701030027432     
  0.227620757408416       0.227550556173786     
  0.231830622648980       0.231775755864857     
  0.236558282129687       0.236515940081858     
  0.240907905324352       0.240880370449101     
  0.245517058582765       0.245502907792847     
  0.254482941417235       0.254497092207127     
  0.259092094675648       0.259119629550891     
  0.263441717870313       0.263484059918115     
  0.268169377351020       0.268224244135135     
  0.272379242591584       0.272449443826188     
  0.277217180298821       0.277298969972562     
  0.281281570875751       0.281379074362035     
  0.286221120842539       0.286329211884372     
  0.295167235300867       0.295300785107290     
  0.304042103063342       0.304200039463870     
  0.309276571136093       0.309441584682938     
  0.312832958189001       0.313013971951191     
  0.318137631821624       0.318324535891883     
  0.326892752731420       0.327099963143609     
  0.332369333168643       0.332579767102266     
  0.341053001855749       0.341280654528069     
  0.346681689618646       0.346909850203766     
  0.355258359386161       0.355500358423322     
  0.361017258455000       0.361257059830706     
  0.369452412911377       0.369702399130080     
  0.375318036859476       0.375563167254072     
  0.383579018163155       0.383830436001219     
  0.389526860478581       0.389770834142031     
  0.395556193563041       0.395791512927276     
  0.403588752020770       0.403824978209458     
  0.409665529398267       0.409890699002516     
  0.415810733053819       0.416023816682921     
  0.423551193823382       0.423759738240969     
  0.429708019441345       0.429902294225518     
  0.435918774146418       0.436097940960804     
  0.442179381597277       0.442342687285229     
  0.448485545682221       0.448632321744266     
  0.455724386698215       0.455859035319192     
  0.461984592152050       0.462101019888832     
  0.468274482569446       0.468372216959381     
  0.474589326333884       0.474667976949342     
  0.480924275764164       0.480983532665637     
  0.487274388652008       0.487314020892613     
  0.493634650899027       0.493654505234305     
  0.500000000000000       0.499999999999999     
  0.506365349100973       0.506345494765661     
  0.512725611347992       0.512685979107384     
  0.519075724235836       0.519016467334331     
  0.525410673666116       0.525332023050654     
  0.531725517430554       0.531627783040587     
  0.538015407847950       0.537898980111164     
  0.544275613301785       0.544140964680776     
  0.551514454317779       0.551367678255700     
  0.557820618402723       0.557657312714770     
  0.564081225853582       0.563902059039164     
  0.570291980558655       0.570097705774479     
  0.576448806176618       0.576240261758999     
  0.584189266946181       0.583976183317047     
  0.590334470601733       0.590109300997481     
  0.596411247979230       0.596175021790510     
  0.604443806436959       0.604208487072692     
  0.610473139521419       0.610229165857966     
  0.616420981836845       0.616169563998749     
  0.624681963140524       0.624436832745896     
  0.630547587088623       0.630297600869918     
  0.638982741545000       0.638742940169291     
  0.644741640613839       0.644499641576645     
  0.653318310381354       0.653090149796202     
  0.658946998144251       0.658719345471929     
  0.667630666831357       0.667420232897731     
  0.673107247268580       0.672900036856359     
  0.681862368178376       0.681675464108085     
  0.687167041810999       0.686986028048807     
  0.690723428863907       0.690558415317030     
  0.695957896936658       0.695799960536128     
  0.704832764699133       0.704699214892707     
  0.713778879157461       0.713670788115626     
  0.718718429124249       0.718620925637933     
  0.722782819701179       0.722701030027437     
  0.727620757408416       0.727550556173780     
  0.731830622648980       0.731775755864863     
  0.736558282129687       0.736515940081852     
  0.740907905324352       0.740880370449107     
  0.745517058582765       0.745502907792841     
  0.754482941417235       0.754497092207120     
  0.759092094675648       0.759119629550897     
  0.763441717870313       0.763484059918109     
  0.768169377351020       0.768224244135141     
  0.772379242591584       0.772449443826181     
  0.777217180298821       0.777298969972567     
  0.781281570875751       0.781379074362028     
  0.786221120842539       0.786329211884378     
  0.795167235300867       0.795300785107298     
  0.804042103063342       0.804200039463877     
  0.809276571136093       0.809441584682931     
  0.812832958189001       0.813013971951197     
  0.818137631821624       0.818324535891875     
  0.826892752731420       0.827099963143602     
  0.832369333168643       0.832579767102273     
  0.841053001855749       0.841280654528076     
  0.846681689618646       0.846909850203759     
  0.855258359386161       0.855500358423316     
  0.861017258455000       0.861257059830713     
  0.869452412911377       0.869702399130087     
  0.875318036859476       0.875563167254065     
  0.883579018163154       0.883830436001212     
  0.889526860478581       0.889770834142038     
  0.895556193563041       0.895791512927269     
  0.903588752020770       0.903824978209451     
  0.909665529398267       0.909890699002522     
  0.915810733053819       0.916023816682915     
  0.923551193823382       0.923759738240962     
  0.929708019441345       0.929902294225525     
  0.935918774146418       0.936097940960798     
  0.942179381597277       0.942342687285236     
  0.948485545682221       0.948632321744260     
  0.955724386698215       0.955859035319186     
  0.961984592152050       0.962101019888840     
  0.968274482569446       0.968372216959375     
  0.974589326333884       0.974667976949350     
  0.980924275764164       0.980983532665630     
  0.987274388652008       0.987314020892621     
  0.993634650899027       0.993654505234297     
   1.00000000000000      -0.999999999999992     
