 -0.993634650899027       2.523730554412014E-002
 -0.987274388652008       5.045558306582140E-002
 -0.980924275764164       7.563589042714793E-002
 -0.974589326333884       0.100759456917223     
 -0.968274482569446       0.125807766742428     
 -0.961984592152050       0.150762639310593     
 -0.955724386698215       0.175606305672659     
 -0.948485545682221       0.204376437953459     
 -0.942179381597277       0.229423281858656     
 -0.935918774146418       0.254298697140355     
 -0.929708019441345       0.278986369083713     
 -0.923551193823382       0.303470769810604     
 -0.915810733053819       0.334318739870771     
 -0.909665529398267       0.358785987430230     
 -0.903588752020770       0.382993894821370     
 -0.895556193563041       0.415069895981520     
 -0.889526860478581       0.439121162128101     
 -0.883579018163154       0.462861708829801     
 -0.875318036859476       0.495918084420128     
 -0.869452412911377       0.519364299259297     
 -0.861017258455000       0.553167297456076     
 -0.855258359386161       0.576220800624313     
 -0.846681689618646       0.610639652014245     
 -0.841053001855749       0.633204901304906     
 -0.832369333168643       0.668099539629650     
 -0.826892752731420       0.690086188359174     
 -0.818137631821624       0.725310610702576     
 -0.812832958189001       0.746635677722505     
 -0.809276571136093       0.760984069884474     
 -0.804042103063342       0.782041540002123     
 -0.795167235300867       0.817804782862246     
 -0.786221120842539       0.853871428146111     
 -0.781281570875751       0.873776219970360     
 -0.777217180298821       0.890184545742965     
 -0.772379242591584       0.909689432526566     
 -0.768169377351020       0.926684750144397     
 -0.763441717870313       0.945753064360638     
 -0.759092094675648       0.963310759659094     
 -0.754482941417235       0.981907558168749     
 -0.745517058582765      -0.981907558168749     
 -0.740907905324352      -0.963310759659096     
 -0.736558282129687      -0.945753064360640     
 -0.731830622648980      -0.926684750144399     
 -0.727620757408416      -0.909689432526565     
 -0.722782819701179      -0.890184545742966     
 -0.718718429124249      -0.873776219970361     
 -0.713778879157461      -0.853871428146111     
 -0.704832764699133      -0.817804782862234     
 -0.695957896936658      -0.782041540002122     
 -0.690723428863907      -0.760984069884474     
 -0.687167041810999      -0.746635677722506     
 -0.681862368178376      -0.725310610702575     
 -0.673107247268580      -0.690086188359173     
 -0.667630666831357      -0.668099539629652     
 -0.658946998144251      -0.633204901304910     
 -0.653318310381354      -0.610639652014244     
 -0.644741640613839      -0.576220800624313     
 -0.638982741545000      -0.553167297456077     
 -0.630547587088623      -0.519364299259298     
 -0.624681963140524      -0.495918084420133     
 -0.616420981836845      -0.462861708829802     
 -0.610473139521419      -0.439121162128105     
 -0.604443806436959      -0.415069895981517     
 -0.596411247979230      -0.382993894821369     
 -0.590334470601733      -0.358785987430226     
 -0.584189266946181      -0.334318739870767     
 -0.576448806176618      -0.303470769810602     
 -0.570291980558655      -0.278986369083715     
 -0.564081225853582      -0.254298697140359     
 -0.557820618402723      -0.229423281858641     
 -0.551514454317779      -0.204376437953476     
 -0.544275613301785      -0.175606305672662     
 -0.538015407847950      -0.150762639310590     
 -0.531725517430554      -0.125807766742425     
 -0.525410673666116      -0.100759456917232     
 -0.519075724235836      -7.563589042713945E-002
 -0.512725611347992      -5.045558306582000E-002
 -0.506365349100973      -2.523730554410744E-002
 -0.500000000000000      -2.378151324232474E-014
 -0.493634650899027       2.523730554412914E-002
 -0.487274388652008       5.045558306582168E-002
 -0.480924275764164       7.563589042714483E-002
 -0.474589326333884       0.100759456917224     
 -0.468274482569446       0.125807766742425     
 -0.461984592152050       0.150762639310594     
 -0.455724386698215       0.175606305672660     
 -0.448485545682221       0.204376437953459     
 -0.442179381597277       0.229423281858641     
 -0.435918774146418       0.254298697140356     
 -0.429708019441345       0.278986369083712     
 -0.423551193823382       0.303470769810604     
 -0.415810733053819       0.334318739870779     
 -0.409665529398267       0.358785987430228     
 -0.403588752020770       0.382993894821369     
 -0.395556193563041       0.415069895981518     
 -0.389526860478581       0.439121162128107     
 -0.383579018163155       0.462861708829800     
 -0.375318036859476       0.495918084420137     
 -0.369452412911377       0.519364299259300     
 -0.361017258455000       0.553167297456078     
 -0.355258359386161       0.576220800624313     
 -0.346681689618646       0.610639652014244     
 -0.341053001855749       0.633204901304908     
 -0.332369333168643       0.668099539629652     
 -0.326892752731420       0.690086188359175     
 -0.318137631821624       0.725310610702579     
 -0.312832958189001       0.746635677722506     
 -0.309276571136093       0.760984069884474     
 -0.304042103063342       0.782041540002123     
 -0.295167235300867       0.817804782862236     
 -0.286221120842539       0.853871428146112     
 -0.281281570875751       0.873776219970360     
 -0.277217180298821       0.890184545742966     
 -0.272379242591584       0.909689432526565     
 -0.268169377351020       0.926684750144399     
 -0.263441717870313       0.945753064360639     
 -0.259092094675648       0.963310759659095     
 -0.254482941417235       0.981907558168748     
 -0.245517058582765      -0.981907558168750     
 -0.240907905324352      -0.963310759659093     
 -0.236558282129687      -0.945753064360639     
 -0.231830622648980      -0.926684750144398     
 -0.227620757408416      -0.909689432526565     
 -0.222782819701179      -0.890184545742966     
 -0.218718429124249      -0.873776219970361     
 -0.213778879157461      -0.853871428146111     
 -0.204832764699133      -0.817804782862247     
 -0.195957896936658      -0.782041540002125     
 -0.190723428863907      -0.760984069884474     
 -0.187167041810999      -0.746635677722505     
 -0.181862368178376      -0.725310610702573     
 -0.173107247268580      -0.690086188359173     
 -0.167630666831357      -0.668099539629651     
 -0.158946998144251      -0.633204901304907     
 -0.153318310381354      -0.610639652014243     
 -0.144741640613839      -0.576220800624317     
 -0.138982741545000      -0.553167297456077     
 -0.130547587088623      -0.519364299259302     
 -0.124681963140524      -0.495918084420128     
 -0.116420981836845      -0.462861708829802     
 -0.110473139521419      -0.439121162128103     
 -0.104443806436959      -0.415069895981520     
 -9.641124797922958E-002 -0.382993894821369     
 -9.033447060173311E-002 -0.358785987430231     
 -8.418926694618109E-002 -0.334318739870785     
 -7.644880617661799E-002 -0.303470769810603     
 -7.029198055865539E-002 -0.278986369083712     
 -6.408122585358175E-002 -0.254298697140359     
 -5.782061840272255E-002 -0.229423281858650     
 -5.151445431777945E-002 -0.204376437953477     
 -4.427561330178533E-002 -0.175606305672660     
 -3.801540784794967E-002 -0.150762639310594     
 -3.172551743055357E-002 -0.125807766742423     
 -2.541067366611590E-002 -0.100759456917233     
 -1.907572423583623E-002 -7.563589042713821E-002
 -1.272561134799183E-002 -5.045558306581233E-002
 -6.365349100972797E-003 -2.523730554416183E-002
  0.000000000000000E+000  4.766233109990283E-014
  6.365349100972797E-003  2.523730554410029E-002
  1.272561134799183E-002  5.045558306582248E-002
  1.907572423583623E-002  7.563589042714809E-002
  2.541067366611590E-002  0.100759456917229     
  3.172551743055357E-002  0.125807766742428     
  3.801540784794967E-002  0.150762639310591     
  4.427561330178533E-002  0.175606305672662     
  5.151445431777945E-002  0.204376437953479     
  5.782061840272255E-002  0.229423281858653     
  6.408122585358175E-002  0.254298697140357     
  7.029198055865539E-002  0.278986369083713     
  7.644880617661799E-002  0.303470769810604     
  8.418926694618109E-002  0.334318739870772     
  9.033447060173311E-002  0.358785987430227     
  9.641124797922958E-002  0.382993894821370     
  0.104443806436959       0.415069895981519     
  0.110473139521419       0.439121162128105     
  0.116420981836845       0.462861708829802     
  0.124681963140524       0.495918084420134     
  0.130547587088623       0.519364299259297     
  0.138982741545000       0.553167297456078     
  0.144741640613839       0.576220800624315     
  0.153318310381354       0.610639652014245     
  0.158946998144251       0.633204901304906     
  0.167630666831357       0.668099539629650     
  0.173107247268580       0.690086188359175     
  0.181862368178376       0.725310610702577     
  0.187167041810999       0.746635677722505     
  0.190723428863907       0.760984069884475     
  0.195957896936658       0.782041540002122     
  0.204832764699133       0.817804782862240     
  0.213778879157461       0.853871428146111     
  0.218718429124249       0.873776219970361     
  0.222782819701179       0.890184545742965     
  0.227620757408416       0.909689432526567     
  0.231830622648980       0.926684750144396     
  0.236558282129687       0.945753064360640     
  0.240907905324352       0.963310759659094     
  0.245517058582765       0.981907558168750     
  0.254482941417235      -0.981907558168750     
  0.259092094675648      -0.963310759659095     
  0.263441717870313      -0.945753064360638     
  0.268169377351020      -0.926684750144398     
  0.272379242591584      -0.909689432526564     
  0.277217180298821      -0.890184545742967     
  0.281281570875751      -0.873776219970359     
  0.286221120842539      -0.853871428146111     
  0.295167235300867      -0.817804782862245     
  0.304042103063342      -0.782041540002124     
  0.309276571136093      -0.760984069884473     
  0.312832958189001      -0.746635677722506     
  0.318137631821624      -0.725310610702572     
  0.326892752731420      -0.690086188359171     
  0.332369333168643      -0.668099539629652     
  0.341053001855749      -0.633204901304909     
  0.346681689618646      -0.610639652014243     
  0.355258359386161      -0.576220800624314     
  0.361017258455000      -0.553167297456077     
  0.369452412911377      -0.519364299259300     
  0.375318036859476      -0.495918084420131     
  0.383579018163155      -0.462861708829801     
  0.389526860478581      -0.439121162128102     
  0.395556193563041      -0.415069895981520     
  0.403588752020770      -0.382993894821370     
  0.409665529398267      -0.358785987430227     
  0.415810733053819      -0.334318739870780     
  0.423551193823382      -0.303470769810602     
  0.429708019441345      -0.278986369083716     
  0.435918774146418      -0.254298697140354     
  0.442179381597277      -0.229423281858659     
  0.448485545682221      -0.204376437953472     
  0.455724386698215      -0.175606305672662     
  0.461984592152050      -0.150762639310592     
  0.468274482569446      -0.125807766742423     
  0.474589326333884      -0.100759456917229     
  0.480924275764164      -7.563589042714707E-002
  0.487274388652008      -5.045558306581651E-002
  0.493634650899027      -2.523730554409959E-002
  0.500000000000000       1.246765200671317E-016
  0.506365349100973       2.523730554410043E-002
  0.512725611347992       5.045558306581770E-002
  0.519075724235836       7.563589042715156E-002
  0.525410673666116       0.100759456917221     
  0.531725517430554       0.125807766742427     
  0.538015407847950       0.150762639310593     
  0.544275613301785       0.175606305672662     
  0.551514454317779       0.204376437953465     
  0.557820618402723       0.229423281858643     
  0.564081225853582       0.254298697140357     
  0.570291980558655       0.278986369083714     
  0.576448806176618       0.303470769810604     
  0.584189266946181       0.334318739870778     
  0.590334470601733       0.358785987430230     
  0.596411247979230       0.382993894821370     
  0.604443806436959       0.415069895981521     
  0.610473139521419       0.439121162128103     
  0.616420981836845       0.462861708829801     
  0.624681963140524       0.495918084420130     
  0.630547587088623       0.519364299259301     
  0.638982741545000       0.553167297456077     
  0.644741640613839       0.576220800624315     
  0.653318310381354       0.610639652014245     
  0.658946998144251       0.633204901304907     
  0.667630666831357       0.668099539629652     
  0.673107247268580       0.690086188359172     
  0.681862368178376       0.725310610702568     
  0.687167041810999       0.746635677722505     
  0.690723428863907       0.760984069884475     
  0.695957896936658       0.782041540002122     
  0.704832764699133       0.817804782862240     
  0.713778879157461       0.853871428146112     
  0.718718429124249       0.873776219970360     
  0.722782819701179       0.890184545742965     
  0.727620757408416       0.909689432526565     
  0.731830622648980       0.926684750144399     
  0.736558282129687       0.945753064360640     
  0.740907905324352       0.963310759659096     
  0.745517058582765       0.981907558168749     
  0.754482941417235      -0.981907558168748     
  0.759092094675648      -0.963310759659093     
  0.763441717870313      -0.945753064360640     
  0.768169377351020      -0.926684750144399     
  0.772379242591584      -0.909689432526564     
  0.777217180298821      -0.890184545742965     
  0.781281570875751      -0.873776219970360     
  0.786221120842539      -0.853871428146111     
  0.795167235300867      -0.817804782862251     
  0.804042103063342      -0.782041540002125     
  0.809276571136093      -0.760984069884473     
  0.812832958189001      -0.746635677722505     
  0.818137631821624      -0.725310610702575     
  0.826892752731420      -0.690086188359173     
  0.832369333168643      -0.668099539629652     
  0.841053001855749      -0.633204901304908     
  0.846681689618646      -0.610639652014244     
  0.855258359386161      -0.576220800624316     
  0.861017258455000      -0.553167297456077     
  0.869452412911377      -0.519364299259300     
  0.875318036859476      -0.495918084420133     
  0.883579018163154      -0.462861708829801     
  0.889526860478581      -0.439121162128104     
  0.895556193563041      -0.415069895981518     
  0.903588752020770      -0.382993894821370     
  0.909665529398267      -0.358785987430229     
  0.915810733053819      -0.334318739870770     
  0.923551193823382      -0.303470769810605     
  0.929708019441345      -0.278986369083712     
  0.935918774146418      -0.254298697140357     
  0.942179381597277      -0.229423281858638     
  0.948485545682221      -0.204376437953462     
  0.955724386698215      -0.175606305672661     
  0.961984592152050      -0.150762639310590     
  0.968274482569446      -0.125807766742429     
  0.974589326333884      -0.100759456917224     
  0.980924275764164      -7.563589042714877E-002
  0.987274388652008      -5.045558306580894E-002
  0.993634650899027      -2.523730554416251E-002
   1.00000000000000       2.867011304829516E-014
