 -0.993634650899027       3.819209486062927E-002
 -0.987274388652008       7.635366571954776E-002
 -0.980924275764164       0.114454351391399     
 -0.974589326333884       0.152464034920894     
 -0.968274482569446       0.190353097908320     
 -0.961984592152050       0.228092444236216     
 -0.955724386698215       0.265653671270206     
 -0.948485545682221       0.309086724294322     
 -0.942179381597277       0.346923708810861     
 -0.935918774146418       0.384487350653327     
 -0.929708019441345       0.421751884979805     
 -0.923551193823382       0.458692834704470     
 -0.915810733053819       0.505135602052041     
 -0.909665529398267       0.542006824428199     
 -0.903588752020770       0.578467490303649     
 -0.895556193563041       0.626662838143106     
 -0.889526860478581       0.662838840094368     
 -0.883579018163154       0.698525886640976     
 -0.875318036859476       0.748091784731802     
 -0.869452412911377       0.783285532723954     
 -0.861017258455000       0.833896453210175     
 -0.855258359386161       0.868449843925501     
 -0.846681689618646       0.919909862209764     
 -0.841053001855749       0.953681989267758     
 -0.832369333168643      -0.994215998962770     
 -0.826892752731420      -0.961356517108700     
 -0.818137631821624      -0.908825787001244     
 -0.812832958189001      -0.876997754211829     
 -0.809276571136093      -0.855659423912058     
 -0.804042103063342      -0.824252608711523     
 -0.795167235300867      -0.771003413517300     
 -0.786221120842539      -0.717326718856606     
 -0.781281570875751      -0.687689431101223     
 -0.777217180298821      -0.663303079003887     
 -0.772379242591584      -0.634275454974928     
 -0.768169377351020      -0.609016262837408     
 -0.763441717870313      -0.580650302477336     
 -0.759092094675648      -0.554552566847016     
 -0.754482941417235      -0.526897648962136     
 -0.745517058582765      -0.473102351037864     
 -0.740907905324352      -0.445447433152984     
 -0.736558282129687      -0.419349697522664     
 -0.731830622648980      -0.390983737162592     
 -0.727620757408416      -0.365724545025072     
 -0.722782819701179      -0.336696920996113     
 -0.718718429124249      -0.312310568898776     
 -0.713778879157461      -0.282673281143394     
 -0.704832764699133      -0.228996586482700     
 -0.695957896936658      -0.175747391288477     
 -0.690723428863907      -0.144340576087942     
 -0.687167041810999      -0.123002245788171     
 -0.681862368178376      -9.117421299875643E-002
 -0.673107247268580      -3.864348289129970E-002
 -0.667630666831357      -5.784001037229532E-003
 -0.658946998144251       4.631801073224223E-002
 -0.653318310381354       8.009013779023635E-002
 -0.644741640613839       0.131550156074499     
 -0.638982741545000       0.166103546789825     
 -0.630547587088623       0.216714467276046     
 -0.624681963140524       0.251908215268198     
 -0.616420981836845       0.301474113359024     
 -0.610473139521419       0.337161159905632     
 -0.604443806436959       0.373337161856894     
 -0.596411247979230       0.421532509696351     
 -0.590334470601733       0.457993175571801     
 -0.584189266946181       0.494864397947959     
 -0.576448806176618       0.541307165295530     
 -0.570291980558655       0.578248115020195     
 -0.564081225853582       0.615512649346673     
 -0.557820618402723       0.653076291189139     
 -0.551514454317779       0.690913275705678     
 -0.544275613301785       0.734346328729794     
 -0.538015407847950       0.771907555763784     
 -0.531725517430554       0.809646902091680     
 -0.525410673666116       0.847535965079106     
 -0.519075724235836       0.885545648608601     
 -0.512725611347992       0.923646334280452     
 -0.506365349100973       0.961807905139371     
 -0.500000000000000       -1.00000000000000     
 -0.493634650899027      -0.961807905139371     
 -0.487274388652008      -0.923646334280452     
 -0.480924275764164      -0.885545648608601     
 -0.474589326333884      -0.847535965079106     
 -0.468274482569446      -0.809646902091680     
 -0.461984592152050      -0.771907555763784     
 -0.455724386698215      -0.734346328729794     
 -0.448485545682221      -0.690913275705678     
 -0.442179381597277      -0.653076291189139     
 -0.435918774146418      -0.615512649346673     
 -0.429708019441345      -0.578248115020195     
 -0.423551193823382      -0.541307165295530     
 -0.415810733053819      -0.494864397947959     
 -0.409665529398267      -0.457993175571801     
 -0.403588752020770      -0.421532509696351     
 -0.395556193563041      -0.373337161856894     
 -0.389526860478581      -0.337161159905632     
 -0.383579018163155      -0.301474113359024     
 -0.375318036859476      -0.251908215268198     
 -0.369452412911377      -0.216714467276046     
 -0.361017258455000      -0.166103546789825     
 -0.355258359386161      -0.131550156074499     
 -0.346681689618646      -8.009013779023635E-002
 -0.341053001855749      -4.631801073224223E-002
 -0.332369333168643       5.784001037229532E-003
 -0.326892752731420       3.864348289129970E-002
 -0.318137631821624       9.117421299875643E-002
 -0.312832958189001       0.123002245788171     
 -0.309276571136093       0.144340576087942     
 -0.304042103063342       0.175747391288477     
 -0.295167235300867       0.228996586482700     
 -0.286221120842539       0.282673281143394     
 -0.281281570875751       0.312310568898776     
 -0.277217180298821       0.336696920996113     
 -0.272379242591584       0.365724545025072     
 -0.268169377351020       0.390983737162592     
 -0.263441717870313       0.419349697522664     
 -0.259092094675648       0.445447433152984     
 -0.254482941417235       0.473102351037864     
 -0.245517058582765       0.526897648962136     
 -0.240907905324352       0.554552566847016     
 -0.236558282129687       0.580650302477336     
 -0.231830622648980       0.609016262837408     
 -0.227620757408416       0.634275454974928     
 -0.222782819701179       0.663303079003887     
 -0.218718429124249       0.687689431101223     
 -0.213778879157461       0.717326718856606     
 -0.204832764699133       0.771003413517300     
 -0.195957896936658       0.824252608711523     
 -0.190723428863907       0.855659423912058     
 -0.187167041810999       0.876997754211829     
 -0.181862368178376       0.908825787001244     
 -0.173107247268580       0.961356517108700     
 -0.167630666831357       0.994215998962770     
 -0.158946998144251      -0.953681989267758     
 -0.153318310381354      -0.919909862209764     
 -0.144741640613839      -0.868449843925501     
 -0.138982741545000      -0.833896453210175     
 -0.130547587088623      -0.783285532723954     
 -0.124681963140524      -0.748091784731802     
 -0.116420981836845      -0.698525886640976     
 -0.110473139521419      -0.662838840094368     
 -0.104443806436959      -0.626662838143106     
 -9.641124797922958E-002 -0.578467490303649     
 -9.033447060173311E-002 -0.542006824428199     
 -8.418926694618109E-002 -0.505135602052041     
 -7.644880617661799E-002 -0.458692834704470     
 -7.029198055865539E-002 -0.421751884979805     
 -6.408122585358175E-002 -0.384487350653327     
 -5.782061840272255E-002 -0.346923708810861     
 -5.151445431777945E-002 -0.309086724294322     
 -4.427561330178533E-002 -0.265653671270206     
 -3.801540784794967E-002 -0.228092444236216     
 -3.172551743055357E-002 -0.190353097908320     
 -2.541067366611590E-002 -0.152464034920894     
 -1.907572423583623E-002 -0.114454351391399     
 -1.272561134799183E-002 -7.635366571954776E-002
 -6.365349100972797E-003 -3.819209486062927E-002
  0.000000000000000E+000  0.000000000000000E+000
  6.365349100972797E-003  3.819209486062927E-002
  1.272561134799183E-002  7.635366571954776E-002
  1.907572423583623E-002  0.114454351391399     
  2.541067366611590E-002  0.152464034920894     
  3.172551743055357E-002  0.190353097908320     
  3.801540784794967E-002  0.228092444236216     
  4.427561330178533E-002  0.265653671270206     
  5.151445431777945E-002  0.309086724294322     
  5.782061840272255E-002  0.346923708810861     
  6.408122585358175E-002  0.384487350653327     
  7.029198055865539E-002  0.421751884979805     
  7.644880617661799E-002  0.458692834704470     
  8.418926694618109E-002  0.505135602052041     
  9.033447060173311E-002  0.542006824428199     
  9.641124797922958E-002  0.578467490303649     
  0.104443806436959       0.626662838143106     
  0.110473139521419       0.662838840094368     
  0.116420981836845       0.698525886640976     
  0.124681963140524       0.748091784731802     
  0.130547587088623       0.783285532723954     
  0.138982741545000       0.833896453210175     
  0.144741640613839       0.868449843925501     
  0.153318310381354       0.919909862209764     
  0.158946998144251       0.953681989267758     
  0.167630666831357      -0.994215998962770     
  0.173107247268580      -0.961356517108700     
  0.181862368178376      -0.908825787001244     
  0.187167041810999      -0.876997754211829     
  0.190723428863907      -0.855659423912058     
  0.195957896936658      -0.824252608711523     
  0.204832764699133      -0.771003413517300     
  0.213778879157461      -0.717326718856606     
  0.218718429124249      -0.687689431101223     
  0.222782819701179      -0.663303079003887     
  0.227620757408416      -0.634275454974928     
  0.231830622648980      -0.609016262837408     
  0.236558282129687      -0.580650302477336     
  0.240907905324352      -0.554552566847016     
  0.245517058582765      -0.526897648962136     
  0.254482941417235      -0.473102351037864     
  0.259092094675648      -0.445447433152984     
  0.263441717870313      -0.419349697522664     
  0.268169377351020      -0.390983737162592     
  0.272379242591584      -0.365724545025072     
  0.277217180298821      -0.336696920996113     
  0.281281570875751      -0.312310568898776     
  0.286221120842539      -0.282673281143394     
  0.295167235300867      -0.228996586482700     
  0.304042103063342      -0.175747391288477     
  0.309276571136093      -0.144340576087942     
  0.312832958189001      -0.123002245788171     
  0.318137631821624      -9.117421299875643E-002
  0.326892752731420      -3.864348289129970E-002
  0.332369333168643      -5.784001037229532E-003
  0.341053001855749       4.631801073224223E-002
  0.346681689618646       8.009013779023635E-002
  0.355258359386161       0.131550156074499     
  0.361017258455000       0.166103546789825     
  0.369452412911377       0.216714467276046     
  0.375318036859476       0.251908215268198     
  0.383579018163155       0.301474113359024     
  0.389526860478581       0.337161159905632     
  0.395556193563041       0.373337161856894     
  0.403588752020770       0.421532509696351     
  0.409665529398267       0.457993175571801     
  0.415810733053819       0.494864397947959     
  0.423551193823382       0.541307165295530     
  0.429708019441345       0.578248115020195     
  0.435918774146418       0.615512649346673     
  0.442179381597277       0.653076291189139     
  0.448485545682221       0.690913275705678     
  0.455724386698215       0.734346328729794     
  0.461984592152050       0.771907555763784     
  0.468274482569446       0.809646902091680     
  0.474589326333884       0.847535965079106     
  0.480924275764164       0.885545648608601     
  0.487274388652008       0.923646334280452     
  0.493634650899027       0.961807905139371     
  0.500000000000000        1.00000000000000     
  0.506365349100973      -0.961807905139371     
  0.512725611347992      -0.923646334280452     
  0.519075724235836      -0.885545648608601     
  0.525410673666116      -0.847535965079106     
  0.531725517430554      -0.809646902091680     
  0.538015407847950      -0.771907555763784     
  0.544275613301785      -0.734346328729794     
  0.551514454317779      -0.690913275705678     
  0.557820618402723      -0.653076291189139     
  0.564081225853582      -0.615512649346673     
  0.570291980558655      -0.578248115020195     
  0.576448806176618      -0.541307165295530     
  0.584189266946181      -0.494864397947959     
  0.590334470601733      -0.457993175571801     
  0.596411247979230      -0.421532509696351     
  0.604443806436959      -0.373337161856894     
  0.610473139521419      -0.337161159905632     
  0.616420981836845      -0.301474113359024     
  0.624681963140524      -0.251908215268198     
  0.630547587088623      -0.216714467276046     
  0.638982741545000      -0.166103546789825     
  0.644741640613839      -0.131550156074499     
  0.653318310381354      -8.009013779023635E-002
  0.658946998144251      -4.631801073224223E-002
  0.667630666831357       5.784001037229532E-003
  0.673107247268580       3.864348289129970E-002
  0.681862368178376       9.117421299875643E-002
  0.687167041810999       0.123002245788171     
  0.690723428863907       0.144340576087942     
  0.695957896936658       0.175747391288477     
  0.704832764699133       0.228996586482700     
  0.713778879157461       0.282673281143394     
  0.718718429124249       0.312310568898776     
  0.722782819701179       0.336696920996113     
  0.727620757408416       0.365724545025072     
  0.731830622648980       0.390983737162592     
  0.736558282129687       0.419349697522664     
  0.740907905324352       0.445447433152984     
  0.745517058582765       0.473102351037864     
  0.754482941417235       0.526897648962136     
  0.759092094675648       0.554552566847016     
  0.763441717870313       0.580650302477336     
  0.768169377351020       0.609016262837408     
  0.772379242591584       0.634275454974928     
  0.777217180298821       0.663303079003887     
  0.781281570875751       0.687689431101223     
  0.786221120842539       0.717326718856606     
  0.795167235300867       0.771003413517300     
  0.804042103063342       0.824252608711523     
  0.809276571136093       0.855659423912058     
  0.812832958189001       0.876997754211829     
  0.818137631821624       0.908825787001244     
  0.826892752731420       0.961356517108700     
  0.832369333168643       0.994215998962770     
  0.841053001855749      -0.953681989267758     
  0.846681689618646      -0.919909862209764     
  0.855258359386161      -0.868449843925501     
  0.861017258455000      -0.833896453210175     
  0.869452412911377      -0.783285532723954     
  0.875318036859476      -0.748091784731802     
  0.883579018163154      -0.698525886640976     
  0.889526860478581      -0.662838840094368     
  0.895556193563041      -0.626662838143106     
  0.903588752020770      -0.578467490303649     
  0.909665529398267      -0.542006824428199     
  0.915810733053819      -0.505135602052041     
  0.923551193823382      -0.458692834704470     
  0.929708019441345      -0.421751884979805     
  0.935918774146418      -0.384487350653327     
  0.942179381597277      -0.346923708810861     
  0.948485545682221      -0.309086724294322     
  0.955724386698215      -0.265653671270206     
  0.961984592152050      -0.228092444236216     
  0.968274482569446      -0.190353097908320     
  0.974589326333884      -0.152464034920894     
  0.980924275764164      -0.114454351391399     
  0.987274388652008      -7.635366571954776E-002
  0.993634650899027      -3.819209486062927E-002
   1.00000000000000      -2.338903033058483E-016
