 -0.993634650899027      -0.993634651302117     
 -0.987274388652008      -0.987274387941099     
 -0.980924275764164      -0.980924275858857     
 -0.974589326333884      -0.974589324915460     
 -0.968274482569446      -0.968274483041411     
 -0.961984592152050      -0.961984591304358     
 -0.955724386698215      -0.955724387261900     
 -0.948485545682221      -0.948485543867059     
 -0.942179381597277      -0.942179382168520     
 -0.935918774146418      -0.935918774051574     
 -0.929708019441345      -0.929708019630243     
 -0.923551193823382      -0.923551195703808     
 -0.915810733053819      -0.915810729620132     
 -0.909665529398267      -0.909665527121537     
 -0.903588752020770      -0.903588753152590     
 -0.895556193563041      -0.895556191079135     
 -0.889526860478581      -0.889526860288777     
 -0.883579018163154      -0.883579014204916     
 -0.875318036859476      -0.875318041052814     
 -0.869452412911377      -0.869452411398391     
 -0.861017258455000      -0.861017252724072     
 -0.855258359386161      -0.855258351242525     
 -0.846681689618646      -0.846681691147203     
 -0.841053001855749      -0.841053007155414     
 -0.832369333168643      -0.832369334694417     
 -0.826892752731420      -0.826892749710846     
 -0.818137631821624      -0.818137630681662     
 -0.812832958189001      -0.812832963451095     
 -0.809276571136093      -0.809276571900371     
 -0.804042103063342      -0.804042113641638     
 -0.795167235300867      -0.795167231506317     
 -0.786221120842539      -0.786221124269995     
 -0.781281570875751      -0.781281568995325     
 -0.777217180298821      -0.777217168841610     
 -0.772379242591584      -0.772379241083684     
 -0.768169377351020      -0.768169381943217     
 -0.763441717870313      -0.763441714472167     
 -0.759092094675648      -0.759092103104971     
 -0.754482941417235      -0.754482943306591     
 -0.745517058582765      -0.745517056693409     
 -0.740907905324352      -0.740907896895029     
 -0.736558282129687      -0.736558285527833     
 -0.731830622648980      -0.731830618056783     
 -0.727620757408416      -0.727620758916316     
 -0.722782819701179      -0.722782831158390     
 -0.718718429124249      -0.718718431004675     
 -0.713778879157461      -0.713778875730005     
 -0.704832764699133      -0.704832768493683     
 -0.695957896936658      -0.695957886358362     
 -0.690723428863907      -0.690723428099629     
 -0.687167041810999      -0.687167036548905     
 -0.681862368178376      -0.681862369318338     
 -0.673107247268580      -0.673107250289154     
 -0.667630666831357      -0.667630665305583     
 -0.658946998144251      -0.658946992844586     
 -0.653318310381354      -0.653318308852797     
 -0.644741640613839      -0.644741648757475     
 -0.638982741545000      -0.638982747275928     
 -0.630547587088623      -0.630547588601609     
 -0.624681963140524      -0.624681958947186     
 -0.616420981836845      -0.616420985795084     
 -0.610473139521419      -0.610473139711223     
 -0.604443806436959      -0.604443808920865     
 -0.596411247979230      -0.596411246847410     
 -0.590334470601733      -0.590334472878463     
 -0.584189266946181      -0.584189270379868     
 -0.576448806176618      -0.576448804296192     
 -0.570291980558655      -0.570291980369757     
 -0.564081225853582      -0.564081225948427     
 -0.557820618402723      -0.557820617831480     
 -0.551514454317779      -0.551514456132941     
 -0.544275613301785      -0.544275612738100     
 -0.538015407847950      -0.538015408695642     
 -0.531725517430554      -0.531725516958589     
 -0.525410673666116      -0.525410675084540     
 -0.519075724235836      -0.519075724141143     
 -0.512725611347992      -0.512725612058901     
 -0.506365349100973      -0.506365348697883     
 -0.500000000000000      -0.500000000000000     
 -0.493634650899027      -0.493634651302117     
 -0.487274388652008      -0.487274387941099     
 -0.480924275764164      -0.480924275858857     
 -0.474589326333884      -0.474589324915460     
 -0.468274482569446      -0.468274483041411     
 -0.461984592152050      -0.461984591304358     
 -0.455724386698215      -0.455724387261900     
 -0.448485545682221      -0.448485543867059     
 -0.442179381597277      -0.442179382168520     
 -0.435918774146418      -0.435918774051573     
 -0.429708019441345      -0.429708019630243     
 -0.423551193823382      -0.423551195703808     
 -0.415810733053819      -0.415810729620132     
 -0.409665529398267      -0.409665527121537     
 -0.403588752020770      -0.403588753152590     
 -0.395556193563041      -0.395556191079135     
 -0.389526860478581      -0.389526860288777     
 -0.383579018163155      -0.383579014204916     
 -0.375318036859476      -0.375318041052814     
 -0.369452412911377      -0.369452411398391     
 -0.361017258455000      -0.361017252724072     
 -0.355258359386161      -0.355258351242525     
 -0.346681689618646      -0.346681691147203     
 -0.341053001855749      -0.341053007155414     
 -0.332369333168643      -0.332369334694417     
 -0.326892752731420      -0.326892749710846     
 -0.318137631821624      -0.318137630681663     
 -0.312832958189001      -0.312832963451094     
 -0.309276571136093      -0.309276571900371     
 -0.304042103063342      -0.304042113641638     
 -0.295167235300867      -0.295167231506317     
 -0.286221120842539      -0.286221124269995     
 -0.281281570875751      -0.281281568995325     
 -0.277217180298821      -0.277217168841610     
 -0.272379242591584      -0.272379241083684     
 -0.268169377351020      -0.268169381943217     
 -0.263441717870313      -0.263441714472167     
 -0.259092094675648      -0.259092103104971     
 -0.254482941417235      -0.254482943306591     
 -0.245517058582765      -0.245517056693409     
 -0.240907905324352      -0.240907896895029     
 -0.236558282129687      -0.236558285527833     
 -0.231830622648980      -0.231830618056783     
 -0.227620757408416      -0.227620758916316     
 -0.222782819701179      -0.222782831158390     
 -0.218718429124249      -0.218718431004675     
 -0.213778879157461      -0.213778875730005     
 -0.204832764699133      -0.204832768493683     
 -0.195957896936658      -0.195957886358362     
 -0.190723428863907      -0.190723428099629     
 -0.187167041810999      -0.187167036548906     
 -0.181862368178376      -0.181862369318337     
 -0.173107247268580      -0.173107250289154     
 -0.167630666831357      -0.167630665305583     
 -0.158946998144251      -0.158946992844586     
 -0.153318310381354      -0.153318308852797     
 -0.144741640613839      -0.144741648757475     
 -0.138982741545000      -0.138982747275928     
 -0.130547587088623      -0.130547588601609     
 -0.124681963140524      -0.124681958947186     
 -0.116420981836845      -0.116420985795084     
 -0.110473139521419      -0.110473139711223     
 -0.104443806436959      -0.104443808920865     
 -9.641124797922958E-002 -9.641124684741036E-002
 -9.033447060173311E-002 -9.033447287846287E-002
 -8.418926694618109E-002 -8.418927037986799E-002
 -7.644880617661799E-002 -7.644880429619161E-002
 -7.029198055865539E-002 -7.029198036975724E-002
 -6.408122585358175E-002 -6.408122594842654E-002
 -5.782061840272255E-002 -5.782061783147992E-002
 -5.151445431777945E-002 -5.151445613294142E-002
 -4.427561330178533E-002 -4.427561273810020E-002
 -3.801540784794967E-002 -3.801540869564176E-002
 -3.172551743055357E-002 -3.172551695858884E-002
 -2.541067366611590E-002 -2.541067508454027E-002
 -1.907572423583623E-002 -1.907572414114279E-002
 -1.272561134799183E-002 -1.272561205890138E-002
 -6.365349100972797E-003 -6.365348697882529E-003
  0.000000000000000E+000  0.000000000000000E+000
  6.365349100972797E-003  6.365348697882529E-003
  1.272561134799183E-002  1.272561205890138E-002
  1.907572423583623E-002  1.907572414114279E-002
  2.541067366611590E-002  2.541067508454027E-002
  3.172551743055357E-002  3.172551695858884E-002
  3.801540784794967E-002  3.801540869564176E-002
  4.427561330178533E-002  4.427561273810020E-002
  5.151445431777945E-002  5.151445613294142E-002
  5.782061840272255E-002  5.782061783147992E-002
  6.408122585358175E-002  6.408122594842654E-002
  7.029198055865539E-002  7.029198036975724E-002
  7.644880617661799E-002  7.644880429619161E-002
  8.418926694618109E-002  8.418927037986799E-002
  9.033447060173311E-002  9.033447287846287E-002
  9.641124797922958E-002  9.641124684741036E-002
  0.104443806436959       0.104443808920865     
  0.110473139521419       0.110473139711223     
  0.116420981836845       0.116420985795084     
  0.124681963140524       0.124681958947186     
  0.130547587088623       0.130547588601609     
  0.138982741545000       0.138982747275928     
  0.144741640613839       0.144741648757475     
  0.153318310381354       0.153318308852797     
  0.158946998144251       0.158946992844586     
  0.167630666831357       0.167630665305583     
  0.173107247268580       0.173107250289154     
  0.181862368178376       0.181862369318337     
  0.187167041810999       0.187167036548906     
  0.190723428863907       0.190723428099629     
  0.195957896936658       0.195957886358362     
  0.204832764699133       0.204832768493683     
  0.213778879157461       0.213778875730005     
  0.218718429124249       0.218718431004675     
  0.222782819701179       0.222782831158390     
  0.227620757408416       0.227620758916316     
  0.231830622648980       0.231830618056783     
  0.236558282129687       0.236558285527833     
  0.240907905324352       0.240907896895029     
  0.245517058582765       0.245517056693409     
  0.254482941417235       0.254482943306591     
  0.259092094675648       0.259092103104971     
  0.263441717870313       0.263441714472167     
  0.268169377351020       0.268169381943217     
  0.272379242591584       0.272379241083684     
  0.277217180298821       0.277217168841610     
  0.281281570875751       0.281281568995325     
  0.286221120842539       0.286221124269995     
  0.295167235300867       0.295167231506317     
  0.304042103063342       0.304042113641638     
  0.309276571136093       0.309276571900371     
  0.312832958189001       0.312832963451094     
  0.318137631821624       0.318137630681663     
  0.326892752731420       0.326892749710846     
  0.332369333168643       0.332369334694417     
  0.341053001855749       0.341053007155414     
  0.346681689618646       0.346681691147203     
  0.355258359386161       0.355258351242525     
  0.361017258455000       0.361017252724072     
  0.369452412911377       0.369452411398391     
  0.375318036859476       0.375318041052814     
  0.383579018163155       0.383579014204916     
  0.389526860478581       0.389526860288777     
  0.395556193563041       0.395556191079135     
  0.403588752020770       0.403588753152590     
  0.409665529398267       0.409665527121537     
  0.415810733053819       0.415810729620132     
  0.423551193823382       0.423551195703808     
  0.429708019441345       0.429708019630243     
  0.435918774146418       0.435918774051573     
  0.442179381597277       0.442179382168520     
  0.448485545682221       0.448485543867059     
  0.455724386698215       0.455724387261900     
  0.461984592152050       0.461984591304358     
  0.468274482569446       0.468274483041411     
  0.474589326333884       0.474589324915460     
  0.480924275764164       0.480924275858857     
  0.487274388652008       0.487274387941099     
  0.493634650899027       0.493634651302117     
  0.500000000000000       0.500000000000000     
  0.506365349100973       0.506365348697883     
  0.512725611347992       0.512725612058901     
  0.519075724235836       0.519075724141143     
  0.525410673666116       0.525410675084540     
  0.531725517430554       0.531725516958589     
  0.538015407847950       0.538015408695642     
  0.544275613301785       0.544275612738100     
  0.551514454317779       0.551514456132941     
  0.557820618402723       0.557820617831480     
  0.564081225853582       0.564081225948427     
  0.570291980558655       0.570291980369757     
  0.576448806176618       0.576448804296192     
  0.584189266946181       0.584189270379868     
  0.590334470601733       0.590334472878463     
  0.596411247979230       0.596411246847410     
  0.604443806436959       0.604443808920865     
  0.610473139521419       0.610473139711223     
  0.616420981836845       0.616420985795084     
  0.624681963140524       0.624681958947186     
  0.630547587088623       0.630547588601609     
  0.638982741545000       0.638982747275928     
  0.644741640613839       0.644741648757475     
  0.653318310381354       0.653318308852797     
  0.658946998144251       0.658946992844586     
  0.667630666831357       0.667630665305583     
  0.673107247268580       0.673107250289154     
  0.681862368178376       0.681862369318338     
  0.687167041810999       0.687167036548905     
  0.690723428863907       0.690723428099629     
  0.695957896936658       0.695957886358362     
  0.704832764699133       0.704832768493683     
  0.713778879157461       0.713778875730005     
  0.718718429124249       0.718718431004675     
  0.722782819701179       0.722782831158390     
  0.727620757408416       0.727620758916316     
  0.731830622648980       0.731830618056783     
  0.736558282129687       0.736558285527833     
  0.740907905324352       0.740907896895029     
  0.745517058582765       0.745517056693409     
  0.754482941417235       0.754482943306591     
  0.759092094675648       0.759092103104971     
  0.763441717870313       0.763441714472167     
  0.768169377351020       0.768169381943217     
  0.772379242591584       0.772379241083684     
  0.777217180298821       0.777217168841610     
  0.781281570875751       0.781281568995325     
  0.786221120842539       0.786221124269995     
  0.795167235300867       0.795167231506317     
  0.804042103063342       0.804042113641638     
  0.809276571136093       0.809276571900371     
  0.812832958189001       0.812832963451095     
  0.818137631821624       0.818137630681662     
  0.826892752731420       0.826892749710846     
  0.832369333168643       0.832369334694417     
  0.841053001855749       0.841053007155414     
  0.846681689618646       0.846681691147203     
  0.855258359386161       0.855258351242525     
  0.861017258455000       0.861017252724072     
  0.869452412911377       0.869452411398391     
  0.875318036859476       0.875318041052814     
  0.883579018163154       0.883579014204916     
  0.889526860478581       0.889526860288777     
  0.895556193563041       0.895556191079135     
  0.903588752020770       0.903588753152590     
  0.909665529398267       0.909665527121537     
  0.915810733053819       0.915810729620132     
  0.923551193823382       0.923551195703808     
  0.929708019441345       0.929708019630243     
  0.935918774146418       0.935918774051574     
  0.942179381597277       0.942179382168520     
  0.948485545682221       0.948485543867059     
  0.955724386698215       0.955724387261900     
  0.961984592152050       0.961984591304358     
  0.968274482569446       0.968274483041411     
  0.974589326333884       0.974589324915460     
  0.980924275764164       0.980924275858857     
  0.987274388652008       0.987274387941099     
  0.993634650899027       0.993634651302117     
   1.00000000000000        1.00000000000000     
