  -100.000000000000       3.145228992503136E-022
  -99.0000000000000       1.712799959015813E-021
  -98.0000000000000       9.005822494752733E-021
  -97.0000000000000       4.663580379200210E-020
  -96.0000000000000       2.379251016673609E-019
  -95.0000000000000       1.195147036288686E-018
  -94.0000000000000       5.906613210768095E-018
  -93.0000000000000       2.869988779036268E-017
  -92.0000000000000       1.370013781141572E-016
  -91.0000000000000       6.513213281240061E-016
  -90.0000000000000       2.864969819584269E-015
  -89.0000000000000       1.215893393306036E-014
  -88.0000000000000       5.021743957377420E-014
  -87.0000000000000       2.022278794954460E-013
  -86.0000000000000       7.933502950307576E-013
  -85.0000000000000       3.028853191733564E-012
  -84.0000000000000       1.124159805900120E-011
  -83.0000000000000       4.051934592203631E-011
  -82.0000000000000       1.416877206002223E-010
  -81.0000000000000       4.801683442830094E-010
  -80.0000000000000       1.575470462720875E-009
  -79.0000000000000       4.999846556684002E-009
  -78.0000000000000       1.533275130637578E-008
  -77.0000000000000       4.539453787524673E-008
  -76.0000000000000       1.296369534710446E-007
  -75.0000000000000       3.568112033445464E-007
  -74.0000000000000       9.457990885105005E-007
  -73.0000000000000       2.412693213411083E-006
  -72.0000000000000       5.919264614237950E-006
  -71.0000000000000       1.395868331861361E-005
  -70.0000000000000       3.162354805113544E-005
  -69.0000000000000       6.879780289773576E-005
  -68.0000000000000       1.436727040201623E-004
  -67.0000000000000       2.879226277074086E-004
  -66.0000000000000       5.535685778405910E-004
  -65.0000000000000       1.020884989127240E-003
  -64.0000000000000       1.805625781967943E-003
  -63.0000000000000       3.062506458304469E-003
  -62.0000000000000       4.980725542594771E-003
  -61.0000000000000       7.767105933548426E-003
  -60.0000000000000       1.161410152710415E-002
  -59.0000000000000       1.665405746259995E-002
  -58.0000000000000       2.290731858565095E-002
  -57.0000000000000       3.023791902073065E-002
  -56.0000000000000       3.833308560985794E-002
  -55.0000000000000       4.671842358113047E-002
  -54.0000000000000       5.480954921135734E-002
  -53.0000000000000       6.198788352578473E-002
  -52.0000000000000       6.768038731924206E-002
  -51.0000000000000       7.142490289078213E-002
  -50.0000000000000       7.291271517627436E-002
  -49.0000000000000       7.201104655220851E-002
  -48.0000000000000       6.877315506252096E-002
  -47.0000000000000       6.344015290795860E-002
  -46.0000000000000       5.643036281341108E-002
  -45.0000000000000       4.830641642807396E-002
  -44.0000000000000       3.971332864305237E-002
  -43.0000000000000       3.129259261139968E-002
  -42.0000000000000       2.359114191739474E-002
  -41.0000000000000       1.699046353676253E-002
  -40.0000000000000       1.167538819309548E-002
  -39.0000000000000       7.647159630839690E-003
  -38.0000000000000       4.769890163912974E-003
  -37.0000000000000       2.831084924822760E-003
  -36.0000000000000       1.597780573358961E-003
  -35.0000000000000       8.568553679532861E-004
  -34.0000000000000       4.363726619708416E-004
  -33.0000000000000       2.109289182985740E-004
  -32.0000000000000       9.672928834750407E-005
  -31.0000000000000       4.207207928889145E-005
  -30.0000000000000       1.735323911960749E-005
  -29.0000000000000       6.787781306161839E-006
  -28.0000000000000       2.518406531949550E-006
  -27.0000000000000       8.866424272870797E-007
  -26.0000000000000       2.963847566684604E-007
  -25.0000000000000       9.414428037487023E-008
  -24.0000000000000       2.844414572663782E-008
  -23.0000000000000       8.183959445383015E-009
  -22.0000000000000       2.245391830008979E-009
  -21.0000000000000       5.883492960651301E-010
  -20.0000000000000       1.474730098103968E-010
  -19.0000000000000       3.542423245191685E-011
  -18.0000000000000       8.170061248511992E-012
  -17.0000000000000       1.812829245287683E-012
  -16.0000000000000       3.877951575536766E-013
  -15.0000000000000       8.014936834248541E-014
  -14.0000000000000       1.603949290262974E-014
  -13.0000000000000       3.108843905498322E-015
  -12.0000000000000       5.814514442381046E-016
  -11.0000000000000       1.027319017010674E-016
  -10.0000000000000       1.793625577821687E-017
  -9.00000000000000       3.074572521020549E-018
  -8.00000000000000       5.184373609837284E-019
  -7.00000000000000       8.624250396329767E-020
  -6.00000000000000       1.417977875842763E-020
  -5.00000000000000       2.312691169056791E-021
  -4.00000000000000       3.753005407672146E-022
  -3.00000000000000       6.092465972192569E-023
  -2.00000000000000       9.965968071242082E-024
  -1.00000000000000       1.618364567226220E-024
  0.000000000000000E+000  9.830682742369422E-030
   1.00000000000000       1.618481834718406E-024
   2.00000000000000       9.966260579052080E-024
   3.00000000000000       6.092518324313077E-023
   4.00000000000000       3.753058356947929E-022
   5.00000000000000       2.312462025955200E-021
   6.00000000000000       1.418037968454397E-020
   7.00000000000000       8.622501105557530E-020
   8.00000000000000       5.184437756373186E-019
   9.00000000000000       3.074244009908234E-018
   10.0000000000000       1.793628010914066E-017
   11.0000000000000       1.027857705559037E-016
   12.0000000000000       5.814514896733352E-016
   13.0000000000000       3.108604448712388E-015
   14.0000000000000       1.603949294331016E-014
   15.0000000000000       8.014943022048322E-014
   16.0000000000000       3.877951575699672E-013
   17.0000000000000       1.812829244566388E-012
   18.0000000000000       8.170061248514444E-012
   19.0000000000000       3.542423245185945E-011
   20.0000000000000       1.474730098103862E-010
   21.0000000000000       5.883492960648732E-010
   22.0000000000000       2.245391830009223E-009
   23.0000000000000       8.183959445381947E-009
   24.0000000000000       2.844414572663785E-008
   25.0000000000000       9.414428037485210E-008
   26.0000000000000       2.963847566684609E-007
   27.0000000000000       8.866424272874673E-007
   28.0000000000000       2.518406531949102E-006
   29.0000000000000       6.787781306160305E-006
   30.0000000000000       1.735323911960258E-005
   31.0000000000000       4.207207928890661E-005
   32.0000000000000       9.672928834754902E-005
   33.0000000000000       2.109289182988239E-004
   34.0000000000000       4.363726619711771E-004
   35.0000000000000       8.568553679524369E-004
   36.0000000000000       1.597780573358962E-003
   37.0000000000000       2.831084924865034E-003
   38.0000000000000       4.769890163827023E-003
   39.0000000000000       7.647159630452979E-003
   40.0000000000000       1.167538819309555E-002
   41.0000000000000       1.699046353717898E-002
   42.0000000000000       2.359114191385396E-002
   43.0000000000000       3.129259260801437E-002
   44.0000000000000       3.971332860879410E-002
   45.0000000000000       4.830641642800328E-002
   46.0000000000000       5.643036281328127E-002
   47.0000000000000       6.344015290830578E-002
   48.0000000000000       6.877315506242952E-002
   49.0000000000000       7.201104655224667E-002
   50.0000000000000       7.291271517637193E-002
   51.0000000000000       7.142490289078207E-002
   52.0000000000000       6.768038731925044E-002
   53.0000000000000       6.198788352580545E-002
   54.0000000000000       5.480954921220954E-002
   55.0000000000000       4.671842358097707E-002
   56.0000000000000       3.833308566648186E-002
   57.0000000000000       3.023791900201134E-002
   58.0000000000000       2.290731858565180E-002
   59.0000000000000       1.665405746259972E-002
   60.0000000000000       1.161410152862538E-002
   61.0000000000000       7.767105933548502E-003
   62.0000000000000       4.980725542594815E-003
   63.0000000000000       3.062506458277370E-003
   64.0000000000000       1.805625782089671E-003
   65.0000000000000       1.020884989074313E-003
   66.0000000000000       5.535685778908018E-004
   67.0000000000000       2.879226277088603E-004
   68.0000000000000       1.436727040208110E-004
   69.0000000000000       6.879780289801391E-005
   70.0000000000000       3.162354805148286E-005
   71.0000000000000       1.395868331856687E-005
   72.0000000000000       5.919264614237954E-006
   73.0000000000000       2.412693213417936E-006
   74.0000000000000       9.457990885155109E-007
   75.0000000000000       3.568112033454327E-007
   76.0000000000000       1.296369534707411E-007
   77.0000000000000       4.539453787524677E-008
   78.0000000000000       1.533275130644038E-008
   79.0000000000000       4.999846556704200E-009
   80.0000000000000       1.575470462733141E-009
   81.0000000000000       4.801683442694379E-010
   82.0000000000000       1.416877205996992E-010
   83.0000000000000       4.051934592094829E-011
   84.0000000000000       1.124159805898739E-011
   85.0000000000000       3.028853191778280E-012
   86.0000000000000       7.933502951452956E-013
   87.0000000000000       2.022278797272871E-013
   88.0000000000000       5.021743952635604E-014
   89.0000000000000       1.215893430996195E-014
   90.0000000000000       2.864969272742714E-015
   91.0000000000000       6.513216254798624E-016
   92.0000000000000       1.370013063542019E-016
   93.0000000000000       2.869999835622069E-017
   94.0000000000000       5.906674680752385E-018
   95.0000000000000       1.195169245588070E-018
   96.0000000000000       2.379233156038546E-019
   97.0000000000000       4.663769599300150E-020
   98.0000000000000       9.005380695401772E-021
   99.0000000000000       1.712820344160508E-021
   100.000000000000       3.145031258426040E-022
