  -100.000000000000       2.975712969165035E-022
  -99.0000000000000       1.620767583244709E-021
  -98.0000000000000       8.522422428651787E-021
  -97.0000000000000       4.413859438695652E-020
  -96.0000000000000       2.252073908109795E-019
  -95.0000000000000       1.131224651352366E-018
  -94.0000000000000       5.591166646681662E-018
  -93.0000000000000       2.717175966984901E-017
  -92.0000000000000       1.297043375387971E-016
  -91.0000000000000       6.166088922575398E-016
  -90.0000000000000       2.712319760477101E-015
  -89.0000000000000       1.151198284084141E-014
  -88.0000000000000       4.754976381065149E-014
  -87.0000000000000       1.915033783610012E-013
  -86.0000000000000       7.513522115445188E-013
  -85.0000000000000       2.868808248630813E-012
  -84.0000000000000       1.064872703248962E-011
  -83.0000000000000       3.838664445159019E-011
  -82.0000000000000       1.342455457253515E-010
  -81.0000000000000       4.550018405067920E-010
  -80.0000000000000       1.493083274733743E-009
  -79.0000000000000       4.739002736041586E-009
  -78.0000000000000       1.453481517797963E-008
  -77.0000000000000       4.303829627113685E-008
  -76.0000000000000       1.229265234384828E-007
  -75.0000000000000       3.383952566427412E-007
  -74.0000000000000       8.971351907146332E-007
  -73.0000000000000       2.288965134161386E-006
  -72.0000000000000       5.616794645734246E-006
  -71.0000000000000       1.324815998146033E-005
  -70.0000000000000       3.002062952512923E-005
  -69.0000000000000       6.532675027144349E-005
  -68.0000000000000       1.364611261695006E-004
  -67.0000000000000       2.735531205781256E-004
  -66.0000000000000       5.261189908885613E-004
  -65.0000000000000       9.706317336888907E-004
  -64.0000000000000       1.717483079405093E-003
  -63.0000000000000       2.914437185302235E-003
  -62.0000000000000       4.742567267386302E-003
  -61.0000000000000       7.400444245680003E-003
  -60.0000000000000       1.107387577042280E-002
  -59.0000000000000       1.589236166231178E-002
  -58.0000000000000       2.187928040697977E-002
  -57.0000000000000       2.890870242797043E-002
  -56.0000000000000       3.668431940751216E-002
  -55.0000000000000       4.475219017817417E-002
  -54.0000000000000       5.254876741892923E-002
  -53.0000000000000       5.947325989178612E-002
  -52.0000000000000       6.496543247048782E-002
  -51.0000000000000       6.857105684032852E-002
  -50.0000000000000       6.998610992404525E-002
  -49.0000000000000       6.908117008130182E-002
  -48.0000000000000       6.591235987634353E-002
  -47.0000000000000       6.072222916092797E-002
  -46.0000000000000       5.392665681818318E-002
  -45.0000000000000       4.607920960188277E-002
  -44.0000000000000       3.780788811369949E-002
  -43.0000000000000       2.973054201409960E-002
  -42.0000000000000       2.236776302403535E-002
  -41.0000000000000       1.607714483371389E-002
  -40.0000000000000       1.102644583886436E-002
  -39.0000000000000       7.208762895689569E-003
  -38.0000000000000       4.488500056332985E-003
  -37.0000000000000       2.659565547282843E-003
  -36.0000000000000       1.498538033402727E-003
  -35.0000000000000       8.023681667298586E-004
  -34.0000000000000       4.079970065564977E-004
  -33.0000000000000       1.969164917074596E-004
  -32.0000000000000       9.016952069090875E-005
  -31.0000000000000       3.916132200785752E-005
  -30.0000000000000       1.612902931140928E-005
  -29.0000000000000       6.299698733855527E-006
  -28.0000000000000       2.333884978998007E-006
  -27.0000000000000       8.204626494464480E-007
  -26.0000000000000       2.738517710339525E-007
  -25.0000000000000       8.685470472763737E-008
  -24.0000000000000       2.620112206518155E-008
  -23.0000000000000       7.526676733764425E-009
  -22.0000000000000       2.061707287210824E-009
  -21.0000000000000       5.393170274588128E-010
  -20.0000000000000       1.349492901850849E-010
  -19.0000000000000       3.235775443412720E-011
  -18.0000000000000       7.448838521669692E-012
  -17.0000000000000       1.649546865382270E-012
  -16.0000000000000       3.521326171794869E-013
  -15.0000000000000       7.261768209126860E-014
  -14.0000000000000       1.449772490048724E-014
  -13.0000000000000       2.806678412910960E-015
  -12.0000000000000       5.227009619430928E-016
  -11.0000000000000       9.208964337866017E-017
  -10.0000000000000       1.602036033383209E-017
  -9.00000000000000       2.735011269068956E-018
  -8.00000000000000       4.591923202441743E-019
  -7.00000000000000       7.593971478249899E-020
  -6.00000000000000       1.240206771402325E-020
  -5.00000000000000       2.002380402470058E-021
  -4.00000000000000       3.199456913083348E-022
  -3.00000000000000       5.029268363509174E-023
  -2.00000000000000       7.532358866179501E-024
  -1.00000000000000       8.685800830048372E-025
  0.000000000000000E+000  1.634957368082511E-029
   1.00000000000000       8.686202426279271E-025
   2.00000000000000       7.533904337647566E-024
   3.00000000000000       5.029136718894955E-023
   4.00000000000000       3.199947258862362E-022
   5.00000000000000       2.002363134230386E-021
   6.00000000000000       1.240431765509294E-020
   7.00000000000000       7.593870258566310E-020
   8.00000000000000       4.593033708295485E-019
   9.00000000000000       2.735535394990481E-018
   10.0000000000000       1.602214323670600E-017
   11.0000000000000       9.209567160781421E-017
   12.0000000000000       5.228207970408727E-016
   13.0000000000000       2.802729255992677E-015
   14.0000000000000       1.449785077552275E-014
   15.0000000000000       7.261768997062906E-014
   16.0000000000000       3.521326197328245E-013
   17.0000000000000       1.649546866271077E-012
   18.0000000000000       7.448838521945332E-012
   19.0000000000000       3.235775443412945E-011
   20.0000000000000       1.349492901850857E-010
   21.0000000000000       5.393170274588146E-010
   22.0000000000000       2.061707287211044E-009
   23.0000000000000       7.526676733765423E-009
   24.0000000000000       2.620112206518154E-008
   25.0000000000000       8.685470472770954E-008
   26.0000000000000       2.738517710339524E-007
   27.0000000000000       8.204626494450554E-007
   28.0000000000000       2.333884978996348E-006
   29.0000000000000       6.299698733840005E-006
   30.0000000000000       1.612902931140462E-005
   31.0000000000000       3.916132200787167E-005
   32.0000000000000       9.016952069082320E-005
   33.0000000000000       1.969164917074601E-004
   34.0000000000000       4.079970065568092E-004
   35.0000000000000       8.023681667290597E-004
   36.0000000000000       1.498538033402725E-003
   37.0000000000000       2.659565547243076E-003
   38.0000000000000       4.488500056332973E-003
   39.0000000000000       7.208762896077248E-003
   40.0000000000000       1.102644583914311E-002
   41.0000000000000       1.607714483168772E-002
   42.0000000000000       2.236776301958783E-002
   43.0000000000000       2.973054199720844E-002
   44.0000000000000       3.780788808884497E-002
   45.0000000000000       4.607920960190414E-002
   46.0000000000000       5.392665682545617E-002
   47.0000000000000       6.072222915231818E-002
   48.0000000000000       6.591235987647570E-002
   49.0000000000000       6.908117008449075E-002
   50.0000000000000       6.998610992049535E-002
   51.0000000000000       6.857105684052743E-002
   52.0000000000000       6.496543247058292E-002
   53.0000000000000       5.947325989176882E-002
   54.0000000000000       5.254876741879682E-002
   55.0000000000000       4.475219017815713E-002
   56.0000000000000       3.668431940751112E-002
   57.0000000000000       2.890870242055945E-002
   58.0000000000000       2.187928040698013E-002
   59.0000000000000       1.589236166545729E-002
   60.0000000000000       1.107387577186756E-002
   61.0000000000000       7.400444244824752E-003
   62.0000000000000       4.742567266938123E-003
   63.0000000000000       2.914437185533155E-003
   64.0000000000000       1.717483079289034E-003
   65.0000000000000       9.706317337393250E-004
   66.0000000000000       5.261189908885609E-004
   67.0000000000000       2.735531205795011E-004
   68.0000000000000       1.364611261676582E-004
   69.0000000000000       6.532675027144349E-005
   70.0000000000000       3.002062952523886E-005
   71.0000000000000       1.324815998150468E-005
   72.0000000000000       5.616794645768750E-006
   73.0000000000000       2.288965134167903E-006
   74.0000000000000       8.971351907146319E-007
   75.0000000000000       3.383952566552369E-007
   76.0000000000000       1.229265234381962E-007
   77.0000000000000       4.303829627104164E-008
   78.0000000000000       1.453481517797963E-008
   79.0000000000000       4.739002736060731E-009
   80.0000000000000       1.493083274739558E-009
   81.0000000000000       4.550018405067931E-010
   82.0000000000000       1.342455457258661E-010
   83.0000000000000       3.838664445264524E-011
   84.0000000000000       1.064872703261039E-011
   85.0000000000000       2.868808249053777E-012
   86.0000000000000       7.513522110020944E-013
   87.0000000000000       1.915033760661442E-013
   88.0000000000000       4.754976123741884E-014
   89.0000000000000       1.151200963175422E-014
   90.0000000000000       2.712315815755574E-015
   91.0000000000000       6.166340413598210E-016
   92.0000000000000       1.297025695567642E-016
   93.0000000000000       2.716978957660427E-017
   94.0000000000000       5.590864442105349E-018
   95.0000000000000       1.131401010792694E-018
   96.0000000000000       2.252027380893990E-019
   97.0000000000000       4.414266029761034E-020
   98.0000000000000       8.524594311634745E-021
   99.0000000000000       1.620869628799119E-021
   100.000000000000       2.977228302302436E-022
