  -100.000000000000       3.145015104908630E-022
  -99.0000000000000       1.712627232016575E-021
  -98.0000000000000       9.005362178385902E-021
  -97.0000000000000       4.663354691165225E-020
  -96.0000000000000       2.379205846071234E-019
  -95.0000000000000       1.195143636637222E-018
  -94.0000000000000       5.906589503333632E-018
  -93.0000000000000       2.869995495832303E-017
  -92.0000000000000       1.370007425160601E-016
  -91.0000000000000       6.513216250681380E-016
  -90.0000000000000       2.864968294185568E-015
  -89.0000000000000       1.215893427574110E-014
  -88.0000000000000       5.021743867491090E-014
  -87.0000000000000       2.022278796170825E-013
  -86.0000000000000       7.933502950927912E-013
  -85.0000000000000       3.028853192219096E-012
  -84.0000000000000       1.124159806089427E-011
  -83.0000000000000       4.051934592903740E-011
  -82.0000000000000       1.416877206230651E-010
  -81.0000000000000       4.801683443535006E-010
  -80.0000000000000       1.575470462995357E-009
  -79.0000000000000       4.999846557570930E-009
  -78.0000000000000       1.533275130898800E-008
  -77.0000000000000       4.539453788293564E-008
  -76.0000000000000       1.296369534922629E-007
  -75.0000000000000       3.568112034024712E-007
  -74.0000000000000       9.457990886701970E-007
  -73.0000000000000       2.412693213802470E-006
  -72.0000000000000       5.919264615244572E-006
  -71.0000000000000       1.395868332083754E-005
  -70.0000000000000       3.162354805624019E-005
  -69.0000000000000       6.879780290875077E-005
  -68.0000000000000       1.436727040429751E-004
  -67.0000000000000       2.879226277786617E-004
  -66.0000000000000       5.535685779237635E-004
  -65.0000000000000       1.020884989278321E-003
  -64.0000000000000       1.805625782278043E-003
  -63.0000000000000       3.062506458742168E-003
  -62.0000000000000       4.980725542951984E-003
  -61.0000000000000       7.767105934463081E-003
  -60.0000000000000       1.161410152857133E-002
  -59.0000000000000       1.665405746153517E-002
  -58.0000000000000       2.290731858187233E-002
  -57.0000000000000       3.023791898045529E-002
  -56.0000000000000       3.833308555864812E-002
  -55.0000000000000       4.671842358639878E-002
  -54.0000000000000       5.480954921821417E-002
  -53.0000000000000       6.198788353227824E-002
  -52.0000000000000       6.768038732622243E-002
  -51.0000000000000       7.142490289795063E-002
  -50.0000000000000       7.291271518540583E-002
  -49.0000000000000       7.201104655847158E-002
  -48.0000000000000       6.877315506985590E-002
  -47.0000000000000       6.344015291598405E-002
  -46.0000000000000       5.643036281925617E-002
  -45.0000000000000       4.830641643396269E-002
  -44.0000000000000       3.971332864363554E-002
  -43.0000000000000       3.129259262282611E-002
  -42.0000000000000       2.359114191902319E-002
  -41.0000000000000       1.699046353964242E-002
  -40.0000000000000       1.167538819426885E-002
  -39.0000000000000       7.647159631740701E-003
  -38.0000000000000       4.769890164595112E-003
  -37.0000000000000       2.831084925401282E-003
  -36.0000000000000       1.597780573699433E-003
  -35.0000000000000       8.568553681108748E-004
  -34.0000000000000       4.363726620463548E-004
  -33.0000000000000       2.109289183417597E-004
  -32.0000000000000       9.672928836743113E-005
  -31.0000000000000       4.207207929750813E-005
  -30.0000000000000       1.735323912320544E-005
  -29.0000000000000       6.787781307599371E-006
  -28.0000000000000       2.518406532493173E-006
  -27.0000000000000       8.866424274822731E-007
  -26.0000000000000       2.963847567347921E-007
  -25.0000000000000       9.414428039630646E-008
  -24.0000000000000       2.844414573322427E-008
  -23.0000000000000       8.183959447309471E-009
  -22.0000000000000       2.245391830546126E-009
  -21.0000000000000       5.883492962081793E-010
  -20.0000000000000       1.474730098468063E-010
  -19.0000000000000       3.542423246073580E-011
  -18.0000000000000       8.170061250592592E-012
  -17.0000000000000       1.812829245063453E-012
  -16.0000000000000       3.877951576497251E-013
  -15.0000000000000       8.014936565894691E-014
  -14.0000000000000       1.603949287888752E-014
  -13.0000000000000       3.108361003704561E-015
  -12.0000000000000       5.814514080904058E-016
  -11.0000000000000       1.027301311085715E-016
  -10.0000000000000       1.793624047492924E-017
  -9.00000000000000       3.074267687107772E-018
  -8.00000000000000       5.184352920324837E-019
  -7.00000000000000       8.622793088141039E-020
  -6.00000000000000       1.417981839234279E-020
  -5.00000000000000       2.312572668662598E-021
  -4.00000000000000       3.753002523274226E-022
  -3.00000000000000       6.092724799480869E-023
  -2.00000000000000       9.965994747086034E-024
  -1.00000000000000       1.618439014306549E-024
  0.000000000000000E+000  1.407131880192214E-029
   1.00000000000000       1.618388018895065E-024
   2.00000000000000       9.966031088268640E-024
   3.00000000000000       6.092503203415226E-023
   4.00000000000000       3.753146316455372E-022
   5.00000000000000       2.312741901099835E-021
   6.00000000000000       1.418014107721579E-020
   7.00000000000000       8.623505381176005E-020
   8.00000000000000       5.184379565357467E-019
   9.00000000000000       3.074347683624216E-018
   10.0000000000000       1.793624955907189E-017
   11.0000000000000       1.027304433620436E-016
   12.0000000000000       5.814518831308081E-016
   13.0000000000000       3.108361524079126E-015
   14.0000000000000       1.603949289909629E-014
   15.0000000000000       8.014936603123468E-014
   16.0000000000000       3.877951576590336E-013
   17.0000000000000       1.812829245190287E-012
   18.0000000000000       8.170061250595081E-012
   19.0000000000000       3.542423246075419E-011
   20.0000000000000       1.474730098468286E-010
   21.0000000000000       5.883492962081792E-010
   22.0000000000000       2.245391830546124E-009
   23.0000000000000       8.183959447309461E-009
   24.0000000000000       2.844414573322423E-008
   25.0000000000000       9.414428039630648E-008
   26.0000000000000       2.963847567347919E-007
   27.0000000000000       8.866424274822720E-007
   28.0000000000000       2.518406532493170E-006
   29.0000000000000       6.787781307599361E-006
   30.0000000000000       1.735323912321037E-005
   31.0000000000000       4.207207929744690E-005
   32.0000000000000       9.672928836734224E-005
   33.0000000000000       2.109289183417594E-004
   34.0000000000000       4.363726620463547E-004
   35.0000000000000       8.568553681108739E-004
   36.0000000000000       1.597780573699431E-003
   37.0000000000000       2.831084925401275E-003
   38.0000000000000       4.769890164595106E-003
   39.0000000000000       7.647159631740702E-003
   40.0000000000000       1.167538819426881E-002
   41.0000000000000       1.699046353964238E-002
   42.0000000000000       2.359114192029693E-002
   43.0000000000000       3.129259262114151E-002
   44.0000000000000       3.971332864364302E-002
   45.0000000000000       4.830641643395069E-002
   46.0000000000000       5.643036281981421E-002
   47.0000000000000       6.344015291565705E-002
   48.0000000000000       6.877315506994071E-002
   49.0000000000000       7.201104655647679E-002
   50.0000000000000       7.291271518726888E-002
   51.0000000000000       7.142490289813723E-002
   52.0000000000000       6.768038732622390E-002
   53.0000000000000       6.198788353230408E-002
   54.0000000000000       5.480954921825326E-002
   55.0000000000000       4.671842358632369E-002
   56.0000000000000       3.833308555865015E-002
   57.0000000000000       3.023791898045385E-002
   58.0000000000000       2.290731858187275E-002
   59.0000000000000       1.665405746153540E-002
   60.0000000000000       1.161410152857121E-002
   61.0000000000000       7.767105934463066E-003
   62.0000000000000       4.980725542481781E-003
   63.0000000000000       3.062506458742165E-003
   64.0000000000000       1.805625782386381E-003
   65.0000000000000       1.020884989278325E-003
   66.0000000000000       5.535685779237636E-004
   67.0000000000000       2.879226277786617E-004
   68.0000000000000       1.436727040429751E-004
   69.0000000000000       6.879780290875080E-005
   70.0000000000000       3.162354805624020E-005
   71.0000000000000       1.395868332083754E-005
   72.0000000000000       5.919264615244574E-006
   73.0000000000000       2.412693213802469E-006
   74.0000000000000       9.457990886701979E-007
   75.0000000000000       3.568112034024709E-007
   76.0000000000000       1.296369534922630E-007
   77.0000000000000       4.539453788253402E-008
   78.0000000000000       1.533275130898801E-008
   79.0000000000000       4.999846557570929E-009
   80.0000000000000       1.575470462995357E-009
   81.0000000000000       4.801683443535005E-010
   82.0000000000000       1.416877206230741E-010
   83.0000000000000       4.051934592903688E-011
   84.0000000000000       1.124159806099404E-011
   85.0000000000000       3.028853192178674E-012
   86.0000000000000       7.933502959709738E-013
   87.0000000000000       2.022278793929902E-013
   88.0000000000000       5.021744287008373E-014
   89.0000000000000       1.215894199670777E-014
   90.0000000000000       2.864974543721661E-015
   91.0000000000000       6.513287443474553E-016
   92.0000000000000       1.370035780778045E-016
   93.0000000000000       2.869983478666036E-017
   94.0000000000000       5.906978631238077E-018
   95.0000000000000       1.195132342847379E-018
   96.0000000000000       2.379462735740903E-019
   97.0000000000000       4.663351683587975E-020
   98.0000000000000       9.006735468967610E-021
   99.0000000000000       1.712623306359684E-021
   100.000000000000       3.145358923789003E-022
