  -100.000000000000       2.767091566037153E-022
  -99.0000000000000       1.507114848638768E-021
  -98.0000000000000       7.926045688613802E-021
  -97.0000000000000       4.105646055794135E-020
  -96.0000000000000       2.094880618608150E-019
  -95.0000000000000       1.052825271597172E-018
  -94.0000000000000       5.202892675542128E-018
  -93.0000000000000       2.529013062890019E-017
  -92.0000000000000       1.207324685147861E-016
  -91.0000000000000       5.741296628782330E-016
  -90.0000000000000       2.525973562448698E-015
  -89.0000000000000       1.072326639584012E-014
  -88.0000000000000       4.430045385679032E-014
  -87.0000000000000       1.784526816610273E-013
  -86.0000000000000       7.002958202070010E-013
  -85.0000000000000       2.674458716857458E-012
  -84.0000000000000       9.929652628244066E-012
  -83.0000000000000       3.580342748424872E-011
  -82.0000000000000       1.252446355574114E-010
  -81.0000000000000       4.246142400546834E-010
  -80.0000000000000       1.393784612852332E-009
  -79.0000000000000       4.425248935245900E-009
  -78.0000000000000       1.357716598720954E-008
  -77.0000000000000       4.021742595978263E-008
  -76.0000000000000       1.149148524918197E-007
  -75.0000000000000       3.164748013753181E-007
  -74.0000000000000       8.394044751358178E-007
  -73.0000000000000       2.142726281106729E-006
  -72.0000000000000       5.260746144954664E-006
  -71.0000000000000       1.241550782474232E-005
  -70.0000000000000       2.815137180938910E-005
  -69.0000000000000       6.130056452791939E-005
  -68.0000000000000       1.281448557561075E-004
  -67.0000000000000       2.570872372129815E-004
  -66.0000000000000       4.948804460221468E-004
  -65.0000000000000       9.138662285827842E-004
  -64.0000000000000       1.618716577064685E-003
  -63.0000000000000       2.749958623534103E-003
  -62.0000000000000       4.480493043398470E-003
  -61.0000000000000       7.001050518665485E-003
  -60.0000000000000       1.049188386883138E-002
  -59.0000000000000       1.508153460303125E-002
  -58.0000000000000       2.079896555269703E-002
  -57.0000000000000       2.753099154061656E-002
  -56.0000000000000       3.499974261625361E-002
  -55.0000000000000       4.277189881741177E-002
  -54.0000000000000       5.030227355217363E-002
  -53.0000000000000       5.700263514110940E-002
  -52.0000000000000       6.231846745788050E-002
  -51.0000000000000       6.579632162670092E-002
  -50.0000000000000       6.713181317167295E-002
  -49.0000000000000       6.619770815557272E-002
  -48.0000000000000       6.305644936597878E-002
  -47.0000000000000       5.795943820248057E-002
  -46.0000000000000       5.132953625578106E-002
  -45.0000000000000       4.372008090768364E-002
  -44.0000000000000       3.574796472468329E-002
  -43.0000000000000       2.800913005097217E-002
  -42.0000000000000       2.099559615992384E-002
  -41.0000000000000       1.503622615824828E-002
  -40.0000000000000       1.027607057896705E-002
  -39.0000000000000       6.695178617640532E-003
  -38.0000000000000       4.154930365838509E-003
  -37.0000000000000       2.454050447725049E-003
  -36.0000000000000       1.378464629680856E-003
  -35.0000000000000       7.358617733510173E-004
  -34.0000000000000       3.730857858208151E-004
  -33.0000000000000       1.795529814099585E-004
  -32.0000000000000       8.198873745818619E-005
  -31.0000000000000       3.551047621486893E-005
  -30.0000000000000       1.458574928809869E-005
  -29.0000000000000       5.681646111191715E-006
  -28.0000000000000       2.099307705889060E-006
  -27.0000000000000       7.360406964473943E-007
  -26.0000000000000       2.450217415699429E-007
  -25.0000000000000       7.750389692321212E-008
  -24.0000000000000       2.331746686098241E-008
  -23.0000000000000       6.680068870398572E-009
  -22.0000000000000       1.824736262182256E-009
  -21.0000000000000       4.759766301016283E-010
  -20.0000000000000       1.187535351465149E-010
  -19.0000000000000       2.838879690397530E-011
  -18.0000000000000       6.514770646669897E-012
  -17.0000000000000       1.437990776705152E-012
  -16.0000000000000       3.059181604144903E-013
  -15.0000000000000       6.285803411832258E-014
  -14.0000000000000       1.250072110440716E-014
  -13.0000000000000       2.406131713655402E-015
  -12.0000000000000       4.468513866779040E-016
  -11.0000000000000       7.829823494738278E-017
  -10.0000000000000       1.355356351158524E-017
  -9.00000000000000       2.297410723923838E-018
  -8.00000000000000       3.827620074344561E-019
  -7.00000000000000       6.275565658500117E-020
  -6.00000000000000       1.014045203319413E-020
  -5.00000000000000       1.616522090015377E-021
  -4.00000000000000       2.539977093783784E-022
  -3.00000000000000       3.913983169660907E-023
  -2.00000000000000       5.805786912653347E-024
  -1.00000000000000       7.810407013405428E-025
  0.000000000000000E+000  1.004307381390097E-029
   1.00000000000000       7.810258758213829E-025
   2.00000000000000       5.805891636059736E-024
   3.00000000000000       3.913652179716854E-023
   4.00000000000000       2.539986983305721E-022
   5.00000000000000       1.616432586880720E-021
   6.00000000000000       1.014046017462069E-020
   7.00000000000000       6.275464413839388E-020
   8.00000000000000       3.827620444032226E-019
   9.00000000000000       2.297404840308298E-018
   10.0000000000000       1.354531537431882E-017
   11.0000000000000       7.829821583462950E-017
   12.0000000000000       4.467772785478319E-016
   13.0000000000000       2.406131676917287E-015
   14.0000000000000       1.250063958849891E-014
   15.0000000000000       6.285803408070793E-014
   16.0000000000000       3.059181491620958E-013
   17.0000000000000       1.437990776683832E-012
   18.0000000000000       6.514770646668581E-012
   19.0000000000000       2.838879690396204E-011
   20.0000000000000       1.187535351465150E-010
   21.0000000000000       4.759766301018765E-010
   22.0000000000000       1.824736262181867E-009
   23.0000000000000       6.680068870397701E-009
   24.0000000000000       2.331746686098241E-008
   25.0000000000000       7.750389692321206E-008
   26.0000000000000       2.450217415699427E-007
   27.0000000000000       7.360406964473934E-007
   28.0000000000000       2.099307705889059E-006
   29.0000000000000       5.681646111191712E-006
   30.0000000000000       1.458574928809452E-005
   31.0000000000000       3.551047621486891E-005
   32.0000000000000       8.198873745818619E-005
   33.0000000000000       1.795529814099583E-004
   34.0000000000000       3.730857858210978E-004
   35.0000000000000       7.358617733502875E-004
   36.0000000000000       1.378464629680856E-003
   37.0000000000000       2.454050447725047E-003
   38.0000000000000       4.154930365838505E-003
   39.0000000000000       6.695178617640535E-003
   40.0000000000000       1.027607057933867E-002
   41.0000000000000       1.503622615907273E-002
   42.0000000000000       2.099559615992386E-002
   43.0000000000000       2.800913004619467E-002
   44.0000000000000       3.574796472468329E-002
   45.0000000000000       4.372008090769505E-002
   46.0000000000000       5.132953625494801E-002
   47.0000000000000       5.795943820393540E-002
   48.0000000000000       6.305644936595292E-002
   49.0000000000000       6.619770815958935E-002
   50.0000000000000       6.713181316769570E-002
   51.0000000000000       6.579632162696526E-002
   52.0000000000000       6.231846745787330E-002
   53.0000000000000       5.700263512260800E-002
   54.0000000000000       5.030227356835180E-002
   55.0000000000000       4.277189881736890E-002
   56.0000000000000       3.499974263439502E-002
   57.0000000000000       2.753099154061827E-002
   58.0000000000000       2.079896555269746E-002
   59.0000000000000       1.508153460596197E-002
   60.0000000000000       1.049188387035638E-002
   61.0000000000000       7.001050518665501E-003
   62.0000000000000       4.480493043398472E-003
   63.0000000000000       2.749958623534106E-003
   64.0000000000000       1.618716576955453E-003
   65.0000000000000       9.138662285294375E-004
   66.0000000000000       4.948804460221454E-004
   67.0000000000000       2.570872372142769E-004
   68.0000000000000       1.281448557561076E-004
   69.0000000000000       6.130056452791949E-005
   70.0000000000000       2.815137180938908E-005
   71.0000000000000       1.241550782474236E-005
   72.0000000000000       5.260746144954660E-006
   73.0000000000000       2.142726281106730E-006
   74.0000000000000       8.394044751358179E-007
   75.0000000000000       3.164748013761005E-007
   76.0000000000000       1.149148524918196E-007
   77.0000000000000       4.021742595987150E-008
   78.0000000000000       1.357716598720953E-008
   79.0000000000000       4.425248935245906E-009
   80.0000000000000       1.393784612852331E-009
   81.0000000000000       4.246142400546847E-010
   82.0000000000000       1.252446355574189E-010
   83.0000000000000       3.580342748521472E-011
   84.0000000000000       9.929652628249421E-012
   85.0000000000000       2.674458716253490E-012
   86.0000000000000       7.002958220199395E-013
   87.0000000000000       1.784526751677939E-013
   88.0000000000000       4.430046976766994E-014
   89.0000000000000       1.072324858887722E-014
   90.0000000000000       2.526000756064710E-015
   91.0000000000000       5.741143187802931E-016
   92.0000000000000       1.207446060946692E-016
   93.0000000000000       2.528614793790502E-017
   94.0000000000000       5.203988427930834E-018
   95.0000000000000       1.052533816222865E-018
   96.0000000000000       2.094951878726747E-019
   97.0000000000000       4.105415847026047E-020
   98.0000000000000       7.926890176976048E-021
   99.0000000000000       1.507224454213959E-021
   100.000000000000       2.767556396421313E-022
