  -100.000000000000       3.193021673226649E-022
  -99.0000000000000       1.738737222482331E-021
  -98.0000000000000       9.142288908470244E-021
  -97.0000000000000       4.734254707704037E-020
  -96.0000000000000       2.415248364916182E-019
  -95.0000000000000       1.213218726659589E-018
  -94.0000000000000       5.995743381395411E-018
  -93.0000000000000       2.913228607005768E-017
  -92.0000000000000       1.390607809034842E-016
  -91.0000000000000       6.610969270508115E-016
  -90.0000000000000       2.907868387764421E-015
  -89.0000000000000       1.234058612001874E-014
  -88.0000000000000       5.096585997125217E-014
  -87.0000000000000       2.052341766229620E-013
  -86.0000000000000       8.051128093037335E-013
  -85.0000000000000       3.073634605485693E-012
  -84.0000000000000       1.140731488064942E-011
  -83.0000000000000       4.111480007868041E-011
  -82.0000000000000       1.437630497130072E-010
  -81.0000000000000       4.871769384052671E-010
  -80.0000000000000       1.598381003495634E-009
  -79.0000000000000       5.072267589774098E-009
  -78.0000000000000       1.555390556555585E-008
  -77.0000000000000       4.604634285287890E-008
  -76.0000000000000       1.314893722714600E-007
  -75.0000000000000       3.618832860158544E-007
  -74.0000000000000       9.591683307378997E-007
  -73.0000000000000       2.446590994124942E-006
  -72.0000000000000       6.001882615480758E-006
  -71.0000000000000       1.415211917480872E-005
  -70.0000000000000       3.205836163039910E-005
  -69.0000000000000       6.973567180061679E-005
  -68.0000000000000       1.456128996226557E-004
  -67.0000000000000       2.917705302463584E-004
  -66.0000000000000       5.608817160550772E-004
  -65.0000000000000       1.034199358762216E-003
  -64.0000000000000       1.828837891275949E-003
  -63.0000000000000       3.101243380428165E-003
  -62.0000000000000       5.042582725409029E-003
  -61.0000000000000       7.861589359726367E-003
  -60.0000000000000       1.175210881265438E-002
  -59.0000000000000       1.684680770474275E-002
  -58.0000000000000       2.316480993984852E-002
  -57.0000000000000       3.056721853927875E-002
  -56.0000000000000       3.873693211537974E-002
  -55.0000000000000       4.719461799593351E-002
  -54.0000000000000       5.535135449960318E-002
  -53.0000000000000       6.258525090161106E-002
  -52.0000000000000       6.832147148513340E-002
  -51.0000000000000       7.209723521571863E-002
  -50.0000000000000       7.360362253962396E-002
  -49.0000000000000       7.270731832300434E-002
  -48.0000000000000       6.946036878218297E-002
  -47.0000000000000       6.410229583332072E-002
  -46.0000000000000       5.705032705906672E-002
  -45.0000000000000       4.886758474300160E-002
  -44.0000000000000       4.020192615967841E-002
  -43.0000000000000       3.170002171629423E-002
  -42.0000000000000       2.391541709591731E-002
  -41.0000000000000       1.723620436837453E-002
  -40.0000000000000       1.185241931600700E-002
  -39.0000000000000       7.768277157066858E-003
  -38.0000000000000       4.848539228126262E-003
  -37.0000000000000       2.879539895534230E-003
  -36.0000000000000       1.626094659777814E-003
  -35.0000000000000       8.725429465373144E-004
  -34.0000000000000       4.446116427526171E-004
  -33.0000000000000       2.150294876203945E-004
  -32.0000000000000       9.866296501252785E-005
  -31.0000000000000       4.293595161439404E-005
  -30.0000000000000       1.771887772859704E-005
  -29.0000000000000       6.934426079866093E-006
  -28.0000000000000       2.574156076535819E-006
  -27.0000000000000       9.067427529216459E-007
  -26.0000000000000       3.032627366674817E-007
  -25.0000000000000       9.637994749418766E-008
  -24.0000000000000       2.913520713684412E-008
  -23.0000000000000       8.387356277259184E-009
  -22.0000000000000       2.302476635995855E-009
  -21.0000000000000       6.036512720086851E-010
  -20.0000000000000       1.513975851977306E-010
  -19.0000000000000       3.638913537536166E-011
  -18.0000000000000       8.397939478868129E-012
  -17.0000000000000       1.864635589976451E-012
  -16.0000000000000       3.991584243797138E-013
  -15.0000000000000       8.255975415923769E-014
  -14.0000000000000       1.653515881997710E-014
  -13.0000000000000       3.207260789128455E-015
  -12.0000000000000       6.006524131887926E-016
  -11.0000000000000       1.062584026412653E-016
  -10.0000000000000       1.857865964424860E-017
  -9.00000000000000       3.189186544012307E-018
  -8.00000000000000       5.388021380955025E-019
  -7.00000000000000       8.979283827801626E-020
  -6.00000000000000       1.480450266182841E-020
  -5.00000000000000       2.423831783748700E-021
  -4.00000000000000       3.959796761509745E-022
  -3.00000000000000       6.529204472305859E-023
  -2.00000000000000       1.123859765621702E-023
  -1.00000000000000       2.331854371165638E-024
  0.000000000000000E+000  1.074603038409510E-024
   1.00000000000000       2.331854371165638E-024
   2.00000000000000       1.123859765621702E-023
   3.00000000000000       6.529204472305859E-023
   4.00000000000000       3.959796761509745E-022
   5.00000000000000       2.423831783748700E-021
   6.00000000000000       1.480450266182841E-020
   7.00000000000000       8.979283827801626E-020
   8.00000000000000       5.388021380955025E-019
   9.00000000000000       3.189186544012307E-018
   10.0000000000000       1.857865964424860E-017
   11.0000000000000       1.062584026412653E-016
   12.0000000000000       6.006524131887926E-016
   13.0000000000000       3.207260789128455E-015
   14.0000000000000       1.653515881997710E-014
   15.0000000000000       8.255975415923769E-014
   16.0000000000000       3.991584243797138E-013
   17.0000000000000       1.864635589976451E-012
   18.0000000000000       8.397939478868129E-012
   19.0000000000000       3.638913537536166E-011
   20.0000000000000       1.513975851977306E-010
   21.0000000000000       6.036512720086851E-010
   22.0000000000000       2.302476635995855E-009
   23.0000000000000       8.387356277259184E-009
   24.0000000000000       2.913520713684412E-008
   25.0000000000000       9.637994749418767E-008
   26.0000000000000       3.032627366674817E-007
   27.0000000000000       9.067427529216459E-007
   28.0000000000000       2.574156076535819E-006
   29.0000000000000       6.934426079866095E-006
   30.0000000000000       1.771887772859704E-005
   31.0000000000000       4.293595161439404E-005
   32.0000000000000       9.866296501252785E-005
   33.0000000000000       2.150294876203945E-004
   34.0000000000000       4.446116427526171E-004
   35.0000000000000       8.725429465373143E-004
   36.0000000000000       1.626094659777814E-003
   37.0000000000000       2.879539895534229E-003
   38.0000000000000       4.848539228126262E-003
   39.0000000000000       7.768277157066862E-003
   40.0000000000000       1.185241931600700E-002
   41.0000000000000       1.723620436837452E-002
   42.0000000000000       2.391541709591731E-002
   43.0000000000000       3.170002171629423E-002
   44.0000000000000       4.020192615967842E-002
   45.0000000000000       4.886758474300160E-002
   46.0000000000000       5.705032705906674E-002
   47.0000000000000       6.410229583332072E-002
   48.0000000000000       6.946036878218297E-002
   49.0000000000000       7.270731832300434E-002
   50.0000000000000       7.360362253962399E-002
   51.0000000000000       7.209723521571858E-002
   52.0000000000000       6.832147148513339E-002
   53.0000000000000       6.258525090161107E-002
   54.0000000000000       5.535135449960318E-002
   55.0000000000000       4.719461799593350E-002
   56.0000000000000       3.873693211537971E-002
   57.0000000000000       3.056721853927873E-002
   58.0000000000000       2.316480993984852E-002
   59.0000000000000       1.684680770474274E-002
   60.0000000000000       1.175210881265438E-002
   61.0000000000000       7.861589359726365E-003
   62.0000000000000       5.042582725409028E-003
   63.0000000000000       3.101243380428166E-003
   64.0000000000000       1.828837891275949E-003
   65.0000000000000       1.034199358762216E-003
   66.0000000000000       5.608817160550773E-004
   67.0000000000000       2.917705302463584E-004
   68.0000000000000       1.456128996226558E-004
   69.0000000000000       6.973567180061679E-005
   70.0000000000000       3.205836163039910E-005
   71.0000000000000       1.415211917480872E-005
   72.0000000000000       6.001882615480759E-006
   73.0000000000000       2.446590994124941E-006
   74.0000000000000       9.591683307378999E-007
   75.0000000000000       3.618832860158544E-007
   76.0000000000000       1.314893722714600E-007
   77.0000000000000       4.604634285287890E-008
   78.0000000000000       1.555390556555585E-008
   79.0000000000000       5.072267589774098E-009
   80.0000000000000       1.598381003495634E-009
   81.0000000000000       4.871769384052671E-010
   82.0000000000000       1.437630497130072E-010
   83.0000000000000       4.111480007868041E-011
   84.0000000000000       1.140731488064942E-011
   85.0000000000000       3.073634605485693E-012
   86.0000000000000       8.051128093037335E-013
   87.0000000000000       2.052341766229620E-013
   88.0000000000000       5.096585997125218E-014
   89.0000000000000       1.234058612001874E-014
   90.0000000000000       2.907868387764421E-015
   91.0000000000000       6.610969270508115E-016
   92.0000000000000       1.390607809034842E-016
   93.0000000000000       2.913228607005768E-017
   94.0000000000000       5.995743381395411E-018
   95.0000000000000       1.213218726659589E-018
   96.0000000000000       2.415248364916182E-019
   97.0000000000000       4.734254707704037E-020
   98.0000000000000       9.142288908470244E-021
   99.0000000000000       1.738737222482331E-021
   100.000000000000       3.193021673226649E-022
