  -100.000000000000       2.424817627266921E-022
  -99.0000000000000       1.320627649506650E-021
  -98.0000000000000       6.947440995905891E-021
  -97.0000000000000       3.598493450475647E-020
  -96.0000000000000       1.836764829067058E-019
  -95.0000000000000       9.229440042355758E-019
  -94.0000000000000       4.563168141626478E-018
  -93.0000000000000       2.217940998066502E-017
  -92.0000000000000       1.059291167918087E-016
  -91.0000000000000       5.035828332630220E-016
  -90.0000000000000       2.216549424924388E-015
  -89.0000000000000       9.408883212818315E-015
  -88.0000000000000       3.887930260524144E-014
  -87.0000000000000       1.566523045628423E-013
  -86.0000000000000       6.148989321459808E-013
  -85.0000000000000       2.348936906837125E-012
  -84.0000000000000       8.723442035918287E-012
  -83.0000000000000       3.146316027336144E-011
  -82.0000000000000       1.100947995516936E-010
  -81.0000000000000       3.733693906710751E-010
  -80.0000000000000       1.225980210404692E-009
  -79.0000000000000       3.893829898860117E-009
  -78.0000000000000       1.195111675011744E-008
  -77.0000000000000       3.541467309754309E-008
  -76.0000000000000       1.012337395786936E-007
  -75.0000000000000       2.789203124476597E-007
  -74.0000000000000       7.401458549520384E-007
  -73.0000000000000       1.890307728274547E-006
  -72.0000000000000       4.643544419355635E-006
  -71.0000000000000       1.096533972104900E-005
  -70.0000000000000       2.487906436204444E-005
  -69.0000000000000       5.421262940557371E-005
  -68.0000000000000       1.134140868972638E-004
  -67.0000000000000       2.277240073638047E-004
  -66.0000000000000       4.387618466656917E-004
  -65.0000000000000       8.110643104737409E-004
  -64.0000000000000       1.438263612520509E-003
  -63.0000000000000       2.446514774609264E-003
  -62.0000000000000       3.991804444305887E-003
  -61.0000000000000       6.247479089951458E-003
  -60.0000000000000       9.379427875038749E-003
  -59.0000000000000       1.350936168134686E-002
  -58.0000000000000       1.867136500600504E-002
  -57.0000000000000       2.477197268334677E-002
  -56.0000000000000       3.156691102834753E-002
  -55.0000000000000       3.866570624429527E-002
  -54.0000000000000       4.556794495893440E-002
  -53.0000000000000       5.172474661581447E-002
  -52.0000000000000       5.661098937691034E-002
  -51.0000000000000       5.979233246160209E-002
  -50.0000000000000       6.097620408220519E-002
  -49.0000000000000       6.004354204437815E-002
  -48.0000000000000       5.706273793719675E-002
  -47.0000000000000       5.228659408194405E-002
  -46.0000000000000       4.612959246610492E-002
  -45.0000000000000       3.912171381936813E-002
  -44.0000000000000       3.183993238216115E-002
  -43.0000000000000       2.482784888522013E-002
  -42.0000000000000       1.852180420642026E-002
  -41.0000000000000       1.320234043582869E-002
  -40.0000000000000       8.981808110315952E-003
  -39.0000000000000       5.826420971746207E-003
  -38.0000000000000       3.600680744569652E-003
  -37.0000000000000       2.118151806336638E-003
  -36.0000000000000       1.185179212535106E-003
  -35.0000000000000       6.303059375730924E-004
  -34.0000000000000       3.183999079754607E-004
  -33.0000000000000       1.526860977857705E-004
  -32.0000000000000       6.947514584404356E-005
  -31.0000000000000       2.998602498410014E-005
  -30.0000000000000       1.227412850419967E-005
  -29.0000000000000       4.764772188446108E-006
  -28.0000000000000       1.754490769526704E-006
  -27.0000000000000       6.130268220752237E-007
  -26.0000000000000       2.033645533259636E-007
  -25.0000000000000       6.410207295188717E-008
  -24.0000000000000       1.921706550447379E-008
  -23.0000000000000       5.485510529773214E-009
  -22.0000000000000       1.492908929866443E-009
  -21.0000000000000       3.879496678306215E-010
  -20.0000000000000       9.641489932527036E-011
  -19.0000000000000       2.295591000510352E-011
  -18.0000000000000       5.245996847687558E-012
  -17.0000000000000       1.152883615661173E-012
  -16.0000000000000       2.441404271656402E-013
  -15.0000000000000       4.992151146304860E-014
  -14.0000000000000       9.877192267938325E-015
  -13.0000000000000       1.890660259124187E-015
  -12.0000000000000       3.493215542438397E-016
  -11.0000000000000       6.078575152819827E-017
  -10.0000000000000       1.045020667921033E-017
  -9.00000000000000       1.757853362278926E-018
  -8.00000000000000       2.904991967449570E-019
  -7.00000000000000       4.715848742937522E-020
  -6.00000000000000       7.536819785312616E-021
  -5.00000000000000       1.187687569582385E-021
  -4.00000000000000       1.845788532750192E-022
  -3.00000000000000       2.845123024626830E-023
  -2.00000000000000       4.477323809568949E-024
  -1.00000000000000       8.584821106695197E-025
  0.000000000000000E+000  3.956392397391927E-025
   1.00000000000000       8.585405492092745E-025
   2.00000000000000       4.478340916780855E-024
   3.00000000000000       2.845383017409292E-023
   4.00000000000000       1.846100986343310E-022
   5.00000000000000       1.187538319055518E-021
   6.00000000000000       7.537507618031252E-021
   7.00000000000000       4.715545298528821E-020
   8.00000000000000       2.904290017855084E-019
   9.00000000000000       1.758315010314741E-018
   10.0000000000000       1.044880296839214E-017
   11.0000000000000       6.080441171765142E-017
   12.0000000000000       3.490454288919154E-016
   13.0000000000000       1.893976605065209E-015
   14.0000000000000       9.876903326895490E-015
   15.0000000000000       4.992153448729891E-014
   16.0000000000000       2.441404247889492E-013
   17.0000000000000       1.152883616370514E-012
   18.0000000000000       5.245996847536200E-012
   19.0000000000000       2.295591000509356E-011
   20.0000000000000       9.641489932528324E-011
   21.0000000000000       3.879496678307893E-010
   22.0000000000000       1.492908929866603E-009
   23.0000000000000       5.485510529773210E-009
   24.0000000000000       1.921706550447680E-008
   25.0000000000000       6.410207295189934E-008
   26.0000000000000       2.033645533257548E-007
   27.0000000000000       6.130268220751327E-007
   28.0000000000000       1.754490769525457E-006
   29.0000000000000       4.764772188447177E-006
   30.0000000000000       1.227412850419270E-005
   31.0000000000000       2.998602498440628E-005
   32.0000000000000       6.947514584401168E-005
   33.0000000000000       1.526860977857709E-004
   34.0000000000000       3.183999079754607E-004
   35.0000000000000       6.303059375730921E-004
   36.0000000000000       1.185179212536657E-003
   37.0000000000000       2.118151806336638E-003
   38.0000000000000       3.600680744569649E-003
   39.0000000000000       5.826420971581180E-003
   40.0000000000000       8.981808109951594E-003
   41.0000000000000       1.320234043653705E-002
   42.0000000000000       1.852180420462347E-002
   43.0000000000000       2.482784887768141E-002
   44.0000000000000       3.183993238216085E-002
   45.0000000000000       3.912171370593427E-002
   46.0000000000000       4.612959246605182E-002
   47.0000000000000       5.228659408207018E-002
   48.0000000000000       5.706273793679598E-002
   49.0000000000000       6.004354205055765E-002
   50.0000000000000       6.097620407606864E-002
   51.0000000000000       5.979233246217065E-002
   52.0000000000000       5.661098937646773E-002
   53.0000000000000       5.172474661659682E-002
   54.0000000000000       4.556794495894951E-002
   55.0000000000000       3.866570624426051E-002
   56.0000000000000       3.156691102834740E-002
   57.0000000000000       2.477197267256524E-002
   58.0000000000000       1.867136500038548E-002
   59.0000000000000       1.350936168363260E-002
   60.0000000000000       9.379427873835264E-003
   61.0000000000000       6.247479089951456E-003
   62.0000000000000       3.991804444681661E-003
   63.0000000000000       2.446514774802922E-003
   64.0000000000000       1.438263612423323E-003
   65.0000000000000       8.110643105264366E-004
   66.0000000000000       4.387618466656917E-004
   67.0000000000000       2.277240073615028E-004
   68.0000000000000       1.134140868977732E-004
   69.0000000000000       5.421262940557359E-005
   70.0000000000000       2.487906436091287E-005
   71.0000000000000       1.096533972101222E-005
   72.0000000000000       4.643544419369848E-006
   73.0000000000000       1.890307728279926E-006
   74.0000000000000       7.401458549500742E-007
   75.0000000000000       2.789203124476595E-007
   76.0000000000000       1.012337395782205E-007
   77.0000000000000       3.541467309754303E-008
   78.0000000000000       1.195111675011744E-008
   79.0000000000000       3.893829898860112E-009
   80.0000000000000       1.225980210409468E-009
   81.0000000000000       3.733693906816282E-010
   82.0000000000000       1.100947995521011E-010
   83.0000000000000       3.146316027332472E-011
   84.0000000000000       8.723442035996322E-012
   85.0000000000000       2.348936906368628E-012
   86.0000000000000       6.148989335706602E-013
   87.0000000000000       1.566523030228306E-013
   88.0000000000000       3.887940301956900E-014
   89.0000000000000       9.408890049122238E-015
   90.0000000000000       2.216377785167726E-015
   91.0000000000000       5.035896857409769E-016
   92.0000000000000       1.060145898499032E-016
   93.0000000000000       2.217874466426543E-017
   94.0000000000000       4.564101051969426E-018
   95.0000000000000       9.227331682310954E-019
   96.0000000000000       1.836891480928274E-019
   97.0000000000000       3.597783632136731E-020
   98.0000000000000       6.947889234229504E-021
   99.0000000000000       1.320375128207287E-021
   100.000000000000       2.425020701168072E-022
