  -100.000000000000       2.976142319987318E-022
  -99.0000000000000       1.620777140800358E-021
  -98.0000000000000       8.522956883161285E-021
  -97.0000000000000       4.414271348071104E-020
  -96.0000000000000       2.252299111709533E-019
  -95.0000000000000       1.131692855132654E-018
  -94.0000000000000       5.592668161673006E-018
  -93.0000000000000       2.717571796338916E-017
  -92.0000000000000       1.297170265020232E-016
  -91.0000000000000       6.166201099676540E-016
  -90.0000000000000       2.712349489391947E-015
  -89.0000000000000       1.151199594911554E-014
  -88.0000000000000       4.754978088616274E-014
  -87.0000000000000       1.915033847113648E-013
  -86.0000000000000       7.513522138772260E-013
  -85.0000000000000       2.868808248878262E-012
  -84.0000000000000       1.064872702992269E-011
  -83.0000000000000       3.838664444311652E-011
  -82.0000000000000       1.342455456917031E-010
  -81.0000000000000       4.550018403949676E-010
  -80.0000000000000       1.493083274368718E-009
  -79.0000000000000       4.739002734870217E-009
  -78.0000000000000       1.453481517440483E-008
  -77.0000000000000       4.303829626070028E-008
  -76.0000000000000       1.229265234049912E-007
  -75.0000000000000       3.383952565883215E-007
  -74.0000000000000       8.971351905033973E-007
  -73.0000000000000       2.288965133633023E-006
  -72.0000000000000       5.616794644484094E-006
  -71.0000000000000       1.324815997850452E-005
  -70.0000000000000       3.002062951851372E-005
  -69.0000000000000       6.532675025671864E-005
  -68.0000000000000       1.364611261378482E-004
  -67.0000000000000       2.735531205192207E-004
  -66.0000000000000       5.261189908128913E-004
  -65.0000000000000       9.706317334807117E-004
  -64.0000000000000       1.717483078733093E-003
  -63.0000000000000       2.914437184748962E-003
  -62.0000000000000       4.742567265847864E-003
  -61.0000000000000       7.400444243251916E-003
  -60.0000000000000       1.107387577050761E-002
  -59.0000000000000       1.589236165671026E-002
  -58.0000000000000       2.187928039286036E-002
  -57.0000000000000       2.890870240132593E-002
  -56.0000000000000       3.668431933406162E-002
  -55.0000000000000       4.475219017067569E-002
  -54.0000000000000       5.254876741113972E-002
  -53.0000000000000       5.947325988233804E-002
  -52.0000000000000       6.496543246038425E-002
  -51.0000000000000       6.857105682990595E-002
  -50.0000000000000       6.998610991360453E-002
  -49.0000000000000       6.908117007010781E-002
  -48.0000000000000       6.591235986605400E-002
  -47.0000000000000       6.072222915023300E-002
  -46.0000000000000       5.392665680894412E-002
  -45.0000000000000       4.607920959351952E-002
  -44.0000000000000       3.780788809768446E-002
  -43.0000000000000       2.973054199585975E-002
  -42.0000000000000       2.236776301735516E-002
  -41.0000000000000       1.607714483149151E-002
  -40.0000000000000       1.102644583725819E-002
  -39.0000000000000       7.208762894223157E-003
  -38.0000000000000       4.488500055324701E-003
  -37.0000000000000       2.659565546548599E-003
  -36.0000000000000       1.498538033022072E-003
  -35.0000000000000       8.023681665129850E-004
  -34.0000000000000       4.079970064487606E-004
  -33.0000000000000       1.969164916516097E-004
  -32.0000000000000       9.016952066478906E-005
  -31.0000000000000       3.916132199632453E-005
  -30.0000000000000       1.612902930654738E-005
  -29.0000000000000       6.299698731908940E-006
  -28.0000000000000       2.333884978267732E-006
  -27.0000000000000       8.204626491857887E-007
  -26.0000000000000       2.738517709451492E-007
  -25.0000000000000       8.685470469896950E-008
  -24.0000000000000       2.620112205643366E-008
  -23.0000000000000       7.526676731200748E-009
  -22.0000000000000       2.061707286496605E-009
  -21.0000000000000       5.393170272685048E-010
  -20.0000000000000       1.349492901368372E-010
  -19.0000000000000       3.235775442239628E-011
  -18.0000000000000       7.448838518793905E-012
  -17.0000000000000       1.649546866224395E-012
  -16.0000000000000       3.521326179029784E-013
  -15.0000000000000       7.261767529972215E-014
  -14.0000000000000       1.449775847642787E-014
  -13.0000000000000       2.802252808153090E-015
  -12.0000000000000       5.227314807528057E-016
  -11.0000000000000       9.208306255371165E-017
  -10.0000000000000       1.602091987508958E-017
  -9.00000000000000       2.735846737840178E-018
  -8.00000000000000       4.591292761969386E-019
  -7.00000000000000       7.594167346259961E-020
  -6.00000000000000       1.240133480208539E-020
  -5.00000000000000       2.002346595560403E-021
  -4.00000000000000       3.199128156105231E-022
  -3.00000000000000       5.029114996686221E-023
  -2.00000000000000       7.531390726172909E-024
  -1.00000000000000       8.685478693078346E-025
  0.000000000000000E+000  3.366760322199113E-029
   1.00000000000000       8.687403680627615E-025
   2.00000000000000       7.532216221793043E-024
   3.00000000000000       5.030509385985882E-023
   4.00000000000000       3.199213609381818E-022
   5.00000000000000       2.003094844204013E-021
   6.00000000000000       1.240217472868826E-020
   7.00000000000000       7.595375453256692E-020
   8.00000000000000       4.591514431050135E-019
   9.00000000000000       2.735652239932459E-018
   10.0000000000000       1.602108758712505E-017
   11.0000000000000       9.207534656701677E-017
   12.0000000000000       5.228432522987356E-016
   13.0000000000000       2.802231170118891E-015
   14.0000000000000       1.449787776843955E-014
   15.0000000000000       7.261766563655898E-014
   16.0000000000000       3.521326182401923E-013
   17.0000000000000       1.649546866003000E-012
   18.0000000000000       7.448838518858357E-012
   19.0000000000000       3.235775442243324E-011
   20.0000000000000       1.349492901368404E-010
   21.0000000000000       5.393170272690757E-010
   22.0000000000000       2.061707286496608E-009
   23.0000000000000       7.526676731201721E-009
   24.0000000000000       2.620112205641282E-008
   25.0000000000000       8.685470469909690E-008
   26.0000000000000       2.738517709452143E-007
   27.0000000000000       8.204626491856684E-007
   28.0000000000000       2.333884978267313E-006
   29.0000000000000       6.299698731908939E-006
   30.0000000000000       1.612902930655196E-005
   31.0000000000000       3.916132199632453E-005
   32.0000000000000       9.016952066483077E-005
   33.0000000000000       1.969164916516097E-004
   34.0000000000000       4.079970064490783E-004
   35.0000000000000       8.023681665129851E-004
   36.0000000000000       1.498538033022074E-003
   37.0000000000000       2.659565546548598E-003
   38.0000000000000       4.488500055243555E-003
   39.0000000000000       7.208762894223161E-003
   40.0000000000000       1.102644583725823E-002
   41.0000000000000       1.607714483149151E-002
   42.0000000000000       2.236776301735516E-002
   43.0000000000000       2.973054199586033E-002
   44.0000000000000       3.780788808802098E-002
   45.0000000000000       4.607920959351222E-002
   46.0000000000000       5.392665680648363E-002
   47.0000000000000       6.072222915301548E-002
   48.0000000000000       6.591235986601809E-002
   49.0000000000000       6.908117007186838E-002
   50.0000000000000       6.998610991118098E-002
   51.0000000000000       6.857105683016712E-002
   52.0000000000000       6.496543246043390E-002
   53.0000000000000       5.947325988273664E-002
   54.0000000000000       5.254876741081825E-002
   55.0000000000000       4.475219017070321E-002
   56.0000000000000       3.668431937268479E-002
   57.0000000000000       2.890870240132593E-002
   58.0000000000000       2.187928039286035E-002
   59.0000000000000       1.589236165514054E-002
   60.0000000000000       1.107387577050759E-002
   61.0000000000000       7.400444243251910E-003
   62.0000000000000       4.742567265847835E-003
   63.0000000000000       2.914437184723267E-003
   64.0000000000000       1.717483079145614E-003
   65.0000000000000       9.706317334743880E-004
   66.0000000000000       5.261189908128922E-004
   67.0000000000000       2.735531205178461E-004
   68.0000000000000       1.364611261378484E-004
   69.0000000000000       6.532675025671864E-005
   70.0000000000000       3.002062951851373E-005
   71.0000000000000       1.324815997850452E-005
   72.0000000000000       5.616794644449592E-006
   73.0000000000000       2.288965133626503E-006
   74.0000000000000       8.971351905033971E-007
   75.0000000000000       3.383952565883212E-007
   76.0000000000000       1.229265234085614E-007
   77.0000000000000       4.303829626070026E-008
   78.0000000000000       1.453481517440481E-008
   79.0000000000000       4.739002734889356E-009
   80.0000000000000       1.493083274368719E-009
   81.0000000000000       4.550018403949670E-010
   82.0000000000000       1.342455456917192E-010
   83.0000000000000       3.838664444295114E-011
   84.0000000000000       1.064872702990138E-011
   85.0000000000000       2.868808248070114E-012
   86.0000000000000       7.513522146285639E-013
   87.0000000000000       1.915033791326053E-013
   88.0000000000000       4.754979182467714E-014
   89.0000000000000       1.151199529454134E-014
   90.0000000000000       2.712370538682808E-015
   91.0000000000000       6.166201922549283E-016
   92.0000000000000       1.297262780499232E-016
   93.0000000000000       2.717225764215515E-017
   94.0000000000000       5.593197733181502E-018
   95.0000000000000       1.131332387237432E-018
   96.0000000000000       2.252228801125796E-019
   97.0000000000000       4.413432456922048E-020
   98.0000000000000       8.525025542860588E-021
   99.0000000000000       1.620782928028109E-021
   100.000000000000       2.976728705776408E-022
