        -144        -144  4.037239482144054E-192 -4.037233290627702E-192
        -144        -135  5.457380174322933E-180 -5.457386552697836E-180
        -144        -126  3.388436202530057E-168 -3.388446193462948E-168
        -144        -117  8.649603879773450E-157 -8.649615781392856E-157
        -144        -108  7.969131761960461E-146 -7.969149757423918E-146
        -144         -99  2.277167759366992E-135 -2.277165894384367E-135
        -144         -90  1.696578067224004E-125 -1.696577282464769E-125
        -144         -81  2.716561111451023E-116 -2.716568077514094E-116
        -144         -72  7.602415506350967E-108 -7.602414603094343E-108
        -144         -63  3.015565102933674E-100 -3.015565130125252E-100
        -144         -54  1.390317658441592E-093 -1.390317404642423E-093
        -144         -45  6.264506382266226E-088 -6.264537798286014E-088
        -144         -36  2.401306601235101E-083 -2.401432972940001E-083
        -144         -27  7.076816499092367E-080 -7.081626058314732E-080
        -144         -18  1.494802143559004E-077 -1.508959740321873E-077
        -144          -9  2.056417119139411E-076 -2.356792478219331E-076
        -144           0 -2.057523577338195E-082 -4.413208829565405E-076
        -144           9 -2.056416014941534E-076 -2.356792542007589E-076
        -144          18 -1.494800694444500E-077 -1.508960613318151E-077
        -144          27 -7.076821376260224E-080 -7.081623705872539E-080
        -144          36 -2.401312752169415E-083 -2.401431635309532E-083
        -144          45 -6.264505786802080E-088 -6.264539162929674E-088
        -144          54 -1.390315908928751E-093 -1.390317636271457E-093
        -144          63 -3.015564209402710E-100 -3.015564583318234E-100
        -144          72 -7.602410209196670E-108 -7.602416135587900E-108
        -144          81 -2.716564409858735E-116 -2.716566251401220E-116
        -144          90 -1.696575673165827E-125 -1.696578699624172E-125
        -144          99 -2.277164343965296E-135 -2.277167275283506E-135
        -144         108 -7.969143478907001E-146 -7.969138990384139E-146
        -144         117 -8.649619856987440E-157 -8.649600187696645E-157
        -144         126 -3.388434951897028E-168 -3.388447632146480E-168
        -144         135 -5.457383492509174E-180 -5.457382981223987E-180
        -144         144 -4.037228873936762E-192 -4.037242945928094E-192
        -135        -144  5.457377673579979E-180 -5.457384471723863E-180
        -135        -135  1.514993499811117E-167 -1.514993907688567E-167
        -135        -126  1.991412433896459E-155 -1.991416449792812E-155
        -135        -117  1.106081322617241E-143 -1.106080677981411E-143
        -135        -108  2.265271188992620E-132 -2.265272324081621E-132
        -135         -99  1.455289695029033E-121 -1.455291728271513E-121
        -135         -90  2.428933814223130E-111 -2.428936065091393E-111
        -135         -81  8.509553820746883E-102 -8.509549505702316E-102
        -135         -72  4.969922044211870E-093 -4.969918421608403E-093
        -135         -63  3.829836646720489E-085 -3.829836762946577E-085
        -135         -54  3.128296136789774E-078 -3.128301732530656E-078
        -135         -45  2.248395762726934E-072 -2.248404296324780E-072
        -135         -36  1.233762007353672E-067 -1.233806297906453E-067
        -135         -27  4.694855781719846E-064 -4.697326318169067E-064
        -135         -18  1.166724122143212E-061 -1.176116379827391E-061
        -135          -9  1.743557583519956E-060 -1.977843705752765E-060
        -135           0 -2.101045678367870E-066 -3.721403444649990E-060
        -135           9 -1.743556693480035E-060 -1.977843763889202E-060
        -135          18 -1.166724619202682E-061 -1.176116052705134E-061
        -135          27 -4.694863909202526E-064 -4.697323862548523E-064
        -135          36 -1.233761489254542E-067 -1.233806636107564E-067
        -135          45 -2.248398685507935E-072 -2.248403341781744E-072
        -135          54 -3.128299863062548E-078 -3.128300275276253E-078
        -135          63 -3.829839722406663E-085 -3.829835390975117E-085
        -135          72 -4.969920272344340E-093 -4.969919320896119E-093
        -135          81 -8.509551813525260E-102 -8.509547978688771E-102
        -135          90 -2.428934971475224E-111 -2.428934661724808E-111
        -135          99 -1.455291990651985E-121 -1.455290023279786E-121
        -135         108 -2.265270966884591E-132 -2.265271629457087E-132
        -135         117 -1.106079371689678E-143 -1.106081964689335E-143
        -135         126 -1.991415391075374E-155 -1.991412979215754E-155
        -135         135 -1.514995464253013E-167 -1.514991845945961E-167
        -135         144 -5.457381573192431E-180 -5.457379437869654E-180
        -126        -144  3.388441667340900E-168 -3.388432813153397E-168
        -126        -135  1.991413694444040E-155 -1.991412851190185E-155
        -126        -126  5.748556962473416E-143 -5.748549619866573E-143
        -126        -117  7.252061773122094E-131 -7.252057313174057E-131
        -126        -108  3.465299322225993E-119 -3.465294551278000E-119
        -126         -99  5.270184035063641E-108 -5.270176934730627E-108
        -126         -90  2.072659527533420E-097 -2.072658331772981E-097
        -126         -81  1.659073784136759E-087 -1.659074514385686E-087
        -126         -72  2.080851877806685E-078 -2.080853202630832E-078
        -126         -63  3.137625243567906E-070 -3.137630738814816E-070
        -126         -54  4.460324251978477E-063 -4.460335515115109E-063
        -126         -45  4.907801602827303E-057 -4.907800791624504E-057
        -126         -36  3.642835160514217E-052 -3.642929802918033E-052
        -126         -27  1.685383711172331E-048 -1.686112912227711E-048
        -126         -18  4.685759935274753E-046 -4.719477375055983E-046
        -126          -9  7.379233914864290E-045 -8.319748116529132E-045
        -126           0 -8.987082661912858E-051 -1.569897372014335E-044
        -126           9 -7.379224391431942E-045 -8.319749455419233E-045
        -126          18 -4.685767929903788E-046 -4.719476107994327E-046
        -126          27 -1.685384649123065E-048 -1.686112163887325E-048
        -126          36 -3.642836411506601E-052 -3.642929372327538E-052
        -126          45 -4.907797845182787E-057 -4.907802871113600E-057
        -126          54 -4.460324127359198E-063 -4.460335395417579E-063
        -126          63 -3.137632201003569E-070 -3.137628088491955E-070
        -126          72 -2.080850894762484E-078 -2.080853611611511E-078
        -126          81 -1.659073165021896E-087 -1.659074940621192E-087
        -126          90 -2.072660727475604E-097 -2.072657631641591E-097
        -126          99 -5.270181342487964E-108 -5.270178478475238E-108
        -126         108 -3.465295483401080E-119 -3.465296887856654E-119
        -126         117 -7.252058726871485E-131 -7.252058625349453E-131
        -126         126 -5.748557280453083E-143 -5.748549144765520E-143
        -126         135 -1.991409283339167E-155 -1.991416611448743E-155
        -126         144 -3.388441995419425E-168 -3.388431452048203E-168
        -117        -144  8.649593982844075E-157 -8.649592436657483E-157
        -117        -135  1.106077992454666E-143 -1.106080806872851E-143
        -117        -126  7.252048785108242E-131 -7.252059112814384E-131
        -117        -117  2.162023708925262E-118 -2.162023740062955E-118
        -117        -108  2.518158537312362E-106 -2.518159041565715E-106
        -117         -99  9.470866332008022E-095 -9.470872379659241E-095
        -117         -90  9.101764778141353E-084 -9.101764691797856E-084
        -117         -81  1.696279486145138E-073 -1.696280961969112E-073
        -117         -72  4.520816686180315E-064 -4.520818588875466E-064
        -117         -63  1.268342041003352E-055 -1.268342365951123E-055
        -117         -54  2.854924545206358E-048 -2.854923919354598E-048
        -117         -45  4.208743158389911E-042 -4.208756597345089E-042
        -117         -36  3.615193030486724E-037 -3.615278008229684E-037
        -117         -27  1.743137818017816E-033 -1.743861762606037E-033
        -117         -18  4.787688476470573E-031 -4.822559233089636E-031
        -117          -9  7.382775476471860E-030 -8.343798203538431E-030
        -117           0  2.429177804058831E-037 -1.572657154443038E-029
        -117           9 -7.382771400397867E-030 -8.343798201210400E-030
        -117          18 -4.787688631365584E-031 -4.822559364090124E-031
        -117          27 -1.743137266023328E-033 -1.743860684145721E-033
        -117          36 -3.615192305036603E-037 -3.615278388060512E-037
        -117          45 -4.208752109470085E-042 -4.208753019809168E-042
        -117          54 -2.854924694130501E-048 -2.854923650151946E-048
        -117          63 -1.268342460765235E-055 -1.268342067683981E-055
        -117          72 -4.520811918629856E-064 -4.520822222411661E-064
        -117          81 -1.696281887689243E-073 -1.696279525719887E-073
        -117          90 -9.101759656371858E-084 -9.101771295633695E-084
        -117          99 -9.470862374291963E-095 -9.470875874168162E-095
        -117         108 -2.518158778075307E-106 -2.518158948347294E-106
        -117         117 -2.162025170395596E-118 -2.162022173589963E-118
        -117         126 -7.252043512304083E-131 -7.252065759376608E-131
        -117         135 -1.106079905996668E-143 -1.106078612074552E-143
        -117         144 -8.649579230096217E-157 -8.649609798605623E-157
        -108        -144  7.969122431628402E-146 -7.969117616230317E-146
        -108        -135  2.265265084598374E-132 -2.265268806367357E-132
        -108        -126  3.465288241447249E-119 -3.465294845942950E-119
        -108        -117  2.518161368979844E-106 -2.518152370771218E-106
        -108        -108  7.376008022164545E-094 -7.376021799371662E-094
        -108         -99  7.026641997822372E-082 -7.026643012968918E-082
        -108         -90  1.657174017431697E-070 -1.657172632863874E-070
        -108         -81  6.958846725385999E-060 -6.958848080339776E-060
        -108         -72  3.602213462402356E-050 -3.602216133020585E-050
        -108         -63  1.594695569315291E-041 -1.594694363283508E-041
        -108         -54  4.437601320348961E-034 -4.437587508147303E-034
        -108         -45  6.355500580672535E-028 -6.355510884791151E-028
        -108         -36  4.383986489614182E-023 -4.384114468807602E-023
        -108         -27  1.538237662050845E-019 -1.539114780073695E-019
        -108         -18  3.115920051503367E-017 -3.146694188674102E-017
        -108          -9  3.952200674905384E-016 -4.578462936387479E-016
        -108           0 -3.149858399753546E-029 -8.530664387790203E-016
        -108           9 -3.952200674905165E-016 -4.578462936387571E-016
        -108          18 -3.115920051503623E-017 -3.146694188674025E-017
        -108          27 -1.538237662050762E-019 -1.539114780073718E-019
        -108          36 -4.383986489626466E-023 -4.384114468813307E-023
        -108          45 -6.355501122943100E-028 -6.355511461138873E-028
        -108          54 -4.437589893946207E-034 -4.437586869306110E-034
        -108          63 -1.594696913611305E-041 -1.594694351061136E-041
        -108          72 -3.602215584792970E-050 -3.602212949560132E-050
        -108          81 -6.958848900627202E-060 -6.958847024859537E-060
        -108          90 -1.657173748753481E-070 -1.657173227255785E-070
        -108          99 -7.026646979982994E-082 -7.026639639548862E-082
        -108         108 -7.376014119861103E-094 -7.376014830569619E-094
        -108         117 -2.518156034954556E-106 -2.518158131743274E-106
        -108         126 -3.465288239998243E-119 -3.465293630913533E-119
        -108         135 -2.265265984874397E-132 -2.265267753225465E-132
        -108         144 -7.969118168478554E-146 -7.969120527792778E-146
         -99        -144  2.277158060358243E-135 -2.277158540891409E-135
         -99        -135  1.455285971095465E-121 -1.455286817429796E-121
         -99        -126  5.270159724400329E-108 -5.270179033551698E-108
         -99        -117  9.470858993001342E-095 -9.470848078424413E-095
         -99        -108  7.026632606195321E-082 -7.026640337062701E-082
         -99         -99  1.673015027337212E-069 -1.673019481590454E-069
         -99         -90  9.163948597629828E-058 -9.163978845801120E-058
         -99         -81  7.637953865681932E-047 -7.637958106887936E-047
         -99         -72  6.068232203625627E-037 -6.068232957595539E-037
         -99         -63  2.894884613305165E-028 -2.894885210552246E-028
         -99         -54  5.724741463865528E-021 -5.724743185905761E-021
         -99         -45  3.863297588921898E-015 -3.863309762918946E-015
         -99         -36  9.124033579234449E-011 -9.124807968448412E-011
         -99         -27  9.599437570610791E-008 -9.617688197663527E-008
         -99         -18  6.642387976066173E-006 -6.834560511227087E-006
         -99          -9  4.198911629574441E-005 -5.546607404710113E-005
         -99           0  1.653699480584514E-018 -9.745519834726778E-005
         -99           9 -4.198911629574499E-005 -5.546607404710047E-005
         -99          18 -6.642387976066064E-006 -6.834560511227232E-006
         -99          27 -9.599437570611355E-008 -9.617688197663302E-008
         -99          36 -9.124033579234065E-011 -9.124807968448674E-011
         -99          45 -3.863297588922203E-015 -3.863309762918817E-015
         -99          54 -5.724741463865307E-021 -5.724743185905864E-021
         -99          63 -2.894884616043536E-028 -2.894885209839253E-028
         -99          72 -6.068231411060528E-037 -6.068232637315428E-037
         -99          81 -7.637960130277043E-047 -7.637959537823576E-047
         -99          90 -9.163958700970495E-058 -9.163968768157112E-058
         -99          99 -1.673014969419384E-069 -1.673019847003411E-069
         -99         108 -7.026631337740334E-082 -7.026641214833788E-082
         -99         117 -9.470849025799033E-095 -9.470861715697096E-095
         -99         126 -5.270167720684688E-108 -5.270167212598724E-108
         -99         135 -1.455284230927198E-121 -1.455289674174238E-121
         -99         144 -2.277159189577694E-135 -2.277156458396828E-135
         -90        -144  1.696568742297691E-125 -1.696571540111431E-125
         -90        -135  2.428924568950692E-111 -2.428927692162554E-111
         -90        -126  2.072650489863964E-097 -2.072654264377088E-097
         -90        -117  9.101737820765495E-084 -9.101746709623854E-084
         -90        -108  1.657170107114297E-070 -1.657169581781074E-070
         -90         -99  9.163958804381515E-058 -9.163947281217080E-058
         -90         -90  1.002595079604788E-045 -1.002595422303625E-045
         -90         -81  1.250376738647506E-034 -1.250375107370846E-034
         -90         -72  9.331321225810493E-025 -9.331323152637217E-025
         -90         -63  2.165448237007672E-016 -2.165448689676302E-016
         -90         -54  9.069950704726285E-010 -9.069956745192103E-010
         -90         -45  4.990164085487461E-005 -4.990346482574251E-005
         -90         -36  3.585158763903322E-002 -3.595140099295242E-002
         -90         -27  0.640803567133936      -0.712606597333298     
         -90         -18   1.33978591295945       -2.69318355738562     
         -90          -9  0.970463437353519       -5.00333707577627     
         -90           0 -1.571927780155920E-014  -5.97371723457766     
         -90           9 -0.970463437353497       -5.00333707577627     
         -90          18  -1.33978591295947       -2.69318355738561     
         -90          27 -0.640803567133931      -0.712606597333300     
         -90          36 -3.585158763903400E-002 -3.595140099295161E-002
         -90          45 -4.990164085487201E-005 -4.990346482574444E-005
         -90          54 -9.069950704726801E-010 -9.069956745191780E-010
         -90          63 -2.165448237007644E-016 -2.165448689676319E-016
         -90          72 -9.331321224662577E-025 -9.331323152143588E-025
         -90          81 -1.250374410180817E-034 -1.250376840222517E-034
         -90          90 -1.002595645745326E-045 -1.002595000207577E-045
         -90          99 -9.163954425577712E-058 -9.163951948282518E-058
         -90         108 -1.657169883266938E-070 -1.657170285101009E-070
         -90         117 -9.101738601809715E-084 -9.101742935203033E-084
         -90         126 -2.072651163335631E-097 -2.072653293606507E-097
         -90         135 -2.428925653205864E-111 -2.428925101758890E-111
         -90         144 -1.696569710810329E-125 -1.696570477682861E-125
         -81        -144  2.716553249577882E-116 -2.716545880609853E-116
         -81        -135  8.509512230919906E-102 -8.509497666803597E-102
         -81        -126  1.659066936845815E-087 -1.659066154275248E-087
         -81        -117  1.696273599709832E-073 -1.696273756683148E-073
         -81        -108  6.958824330978423E-060 -6.958827057735211E-060
         -81         -99  7.637939573463583E-047 -7.637937873718793E-047
         -81         -90  1.250373158957422E-034 -1.250373498991324E-034
         -81         -81  1.381456991453883E-023 -1.381457300274806E-023
         -81         -72  3.811438920203020E-014 -3.811439736084686E-014
         -81         -63  8.259861103906373E-007 -8.259863553563803E-007
         -81         -54  3.644839206596703E-002 -3.645005179825184E-002
         -81         -45   1.97506148328813       -2.04786120018330     
         -81         -36   4.98379490430265       -8.93492090280891     
         -81         -27   5.91990728137774       -18.4853264020844     
         -81         -18   5.32454589559726       -25.7686297295431     
         -81          -9   3.02811004329528       -29.5008958205504     
         -81           0 -2.623769257414921E-015  -30.5881671293083     
         -81           9  -3.02811004329531       -29.5008958205504     
         -81          18  -5.32454589559721       -25.7686297295430     
         -81          27  -5.91990728137779       -18.4853264020843     
         -81          36  -4.98379490430263       -8.93492090280892     
         -81          45  -1.97506148328816       -2.04786120018329     
         -81          54 -3.644839206596660E-002 -3.645005179825250E-002
         -81          63 -8.259861103906537E-007 -8.259863553563840E-007
         -81          72 -3.811438920202932E-014 -3.811439736084807E-014
         -81          81 -1.381456991443389E-023 -1.381457300220924E-023
         -81          90 -1.250374300302154E-034 -1.250372943157250E-034
         -81          99 -7.637936974669445E-047 -7.637939569321275E-047
         -81         108 -6.958826608213280E-060 -6.958825679192810E-060
         -81         117 -1.696273073819683E-073 -1.696274306508057E-073
         -81         126 -1.659066600805938E-087 -1.659066864181929E-087
         -81         135 -8.509505755110791E-102 -8.509507935999534E-102
         -81         144 -2.716548153066292E-116 -2.716554700004169E-116
         -72        -144  7.602359882411799E-108 -7.602364824321761E-108
         -72        -135  4.969885189916439E-093 -4.969890445026521E-093
         -72        -126  2.080838521774624E-078 -2.080843143029715E-078
         -72        -117  4.520794909212724E-064 -4.520792662623020E-064
         -72        -108  3.602199881843872E-050 -3.602191876149997E-050
         -72         -99  6.068211638533594E-037 -6.068206479760485E-037
         -72         -90  9.331293909300550E-025 -9.331296316633811E-025
         -72         -81  3.811432652168310E-014 -3.811433569215467E-014
         -72         -72  6.831644847285883E-006 -6.831646435677332E-006
         -72         -63  0.312793346694556      -0.312805475906842     
         -72         -54   5.18819805443049       -5.74090343120234     
         -72         -45   10.7112661621551       -17.6174673763860     
         -72         -36   13.1347252101348       -27.6175813788937     
         -72         -27   10.8834291662321       -31.1816732996647     
         -72         -18   6.92166213719890       -30.4590467549396     
         -72          -9   3.16768565944140       -28.4634969819599     
         -72           0  8.462197956249362E-015  -27.5158094744710     
         -72           9  -3.16768565944145       -28.4634969819599     
         -72          18  -6.92166213719886       -30.4590467549396     
         -72          27  -10.8834291662321       -31.1816732996647     
         -72          36  -13.1347252101349       -27.6175813788936     
         -72          45  -10.7112661621551       -17.6174673763860     
         -72          54  -5.18819805443048       -5.74090343120233     
         -72          63 -0.312793346694555      -0.312805475906845     
         -72          72 -6.831644847286012E-006 -6.831646435677207E-006
         -72          81 -3.811432652168262E-014 -3.811433569215459E-014
         -72          90 -9.331293905768917E-025 -9.331296316624955E-025
         -72          99 -6.068207938713985E-037 -6.068210609237811E-037
         -72         108 -3.602195975478718E-050 -3.602196541961976E-050
         -72         117 -4.520789994311717E-064 -4.520802896723596E-064
         -72         126 -2.080841091726739E-078 -2.080838345651120E-078
         -72         135 -4.969890770165451E-093 -4.969881691307278E-093
         -72         144 -7.602363493517163E-108 -7.602357698457873E-108
         -63        -144  3.015540792562887E-100 -3.015536950082653E-100
         -63        -135  3.829806962693431E-085 -3.829805300279809E-085
         -63        -126  3.137603873974133E-070 -3.137609556924281E-070
         -63        -117  1.268334010574657E-055 -1.268332759049539E-055
         -63        -108  1.594685334673452E-041 -1.594683655168316E-041
         -63         -99  2.894868062238518E-028 -2.894869190959106E-028
         -63         -90  2.165437788613123E-016 -2.165438398747502E-016
         -63         -81  8.259831728148662E-007 -8.259833179693647E-007
         -63         -72  0.312804715322475      -0.312792839786280     
         -63         -63   6.95578142423405       -6.95578829724830     
         -63         -54   16.4828507611058       -19.4653664178462     
         -63         -45   18.4484203523647       -26.6206751729555     
         -63         -36   13.0529436166751       -24.2760060560140     
         -63         -27   6.50773066913917       -16.2544894879374     
         -63         -18   2.97760274581986       -8.65739114901540     
         -63          -9   1.11144092453095       -4.65265280440997     
         -63           0 -4.631793207779248E-015  -3.54410025174509     
         -63           9  -1.11144092453094       -4.65265280440996     
         -63          18  -2.97760274581989       -8.65739114901539     
         -63          27  -6.50773066913915       -16.2544894879374     
         -63          36  -13.0529436166751       -24.2760060560141     
         -63          45  -18.4484203523647       -26.6206751729555     
         -63          54  -16.4828507611058       -19.4653664178462     
         -63          63  -6.95578142423412       -6.95578829724831     
         -63          72 -0.312804715322475      -0.312792839786280     
         -63          81 -8.259831728148768E-007 -8.259833179693521E-007
         -63          90 -2.165437788613082E-016 -2.165438398747582E-016
         -63          99 -2.894868352379066E-028 -2.894870012586861E-028
         -63         108 -1.594683920605891E-041 -1.594684520693446E-041
         -63         117 -1.268333170153677E-055 -1.268334359594512E-055
         -63         126 -3.137605273077815E-070 -3.137606122880884E-070
         -63         135 -3.829806518704157E-085 -3.829805242153486E-085
         -63         144 -3.015536759646726E-100 -3.015548880603379E-100
         -54        -144  1.390303737458136E-093 -1.390302907553949E-093
         -54        -135  3.128271359440757E-078 -3.128267530773492E-078
         -54        -126  4.460291085863372E-063 -4.460289880648866E-063
         -54        -117  2.854897433490196E-048 -2.854902279680442E-048
         -54        -108  4.437549609348435E-034 -4.437551108310206E-034
         -54         -99  5.724697583518581E-021 -5.724699142796891E-021
         -54         -90  9.069891349215140E-010 -9.069889954080489E-010
         -54         -81  3.644982369926023E-002 -3.644818829139024E-002
         -54         -72   5.74087414405418       -5.18818128179494     
         -54         -63   19.4653105090963       -16.4828251254304     
         -54         -54   22.6205594871242       -22.6205697339353     
         -54         -45   13.7954500217090       -16.9500901726741     
         -54         -36   5.01725743301708       -6.60616300505221     
         -54         -27  0.903664345729266      -0.987955115647661     
         -54         -18  4.070757392638268E-002 -4.410227581022210E-002
         -54          -9  1.443860216476044E-003 -1.951531076677483E-003
         -54           0  3.171067469282363E-018 -5.076712412229814E-004
         -54           9 -1.443860216476048E-003 -1.951531076677465E-003
         -54          18 -4.070757392638225E-002 -4.410227581022273E-002
         -54          27 -0.903664345729273      -0.987955115647653     
         -54          36  -5.01725743301708       -6.60616300505221     
         -54          45  -13.7954500217090       -16.9500901726741     
         -54          54  -22.6205594871242       -22.6205697339353     
         -54          63  -19.4653105090963       -16.4828251254304     
         -54          72  -5.74087414405420       -5.18818128179488     
         -54          81 -3.644982369925976E-002 -3.644818829139086E-002
         -54          90 -9.069891349215218E-010 -9.069889954080346E-010
         -54          99 -5.724697583518469E-021 -5.724699142797022E-021
         -54         108 -4.437549586870234E-034 -4.437551143837878E-034
         -54         117 -2.854898085637739E-048 -2.854899127484673E-048
         -54         126 -4.460290024064294E-063 -4.460295172452619E-063
         -54         135 -3.128269941411806E-078 -3.128270905285814E-078
         -54         144 -1.390303270444060E-093 -1.390304470582951E-093
         -45        -144  6.264462041567624E-088 -6.264444478930767E-088
         -45        -135  2.248378811876618E-072 -2.248371216484292E-072
         -45        -126  4.907749790575489E-057 -4.907737803482344E-057
         -45        -117  4.208707619967975E-042 -4.208705335566691E-042
         -45        -108  6.355443559683378E-028 -6.355437938297532E-028
         -45         -99  3.863270495516198E-015 -3.863260705842643E-015
         -45         -90  4.990298387993402E-005 -4.990119085729881E-005
         -45         -81   2.04784280831898       -1.97504657808406     
         -45         -72   17.6173400163030       -10.7112047548502     
         -45         -63   26.6205358844001       -18.4483422522484     
         -45         -54   16.9500444496790       -13.7954156397197     
         -45         -45   4.23460585211162       -4.23460347660246     
         -45         -36  0.151128777842554      -0.151581424346553     
         -45         -27  2.593273623540675E-004 -2.600885843280956E-004
         -45         -18  1.272639798995586E-004 -1.279342445905305E-004
         -45          -9  2.289696312080842E-003 -2.544213839588578E-003
         -45           0  1.600891057610535E-017 -4.833910013915173E-003
         -45           9 -2.289696312080819E-003 -2.544213839588574E-003
         -45          18 -1.272639798995576E-004 -1.279342445905308E-004
         -45          27 -2.593273623540649E-004 -2.600885843280997E-004
         -45          36 -0.151128777842555      -0.151581424346552     
         -45          45  -4.23460585211162       -4.23460347660245     
         -45          54  -16.9500444496790       -13.7954156397197     
         -45          63  -26.6205358844001       -18.4483422522484     
         -45          72  -17.6173400163030       -10.7112047548502     
         -45          81  -2.04784280831899       -1.97504657808405     
         -45          90 -4.990298387993331E-005 -4.990119085730014E-005
         -45          99 -3.863270495516246E-015 -3.863260705842518E-015
         -45         108 -6.355443559865547E-028 -6.355437930354844E-028
         -45         117 -4.208709425000669E-042 -4.208703291866076E-042
         -45         126 -4.907747687145970E-057 -4.907745233059453E-057
         -45         135 -2.248377240435524E-072 -2.248375247253571E-072
         -45         144 -6.264463581107994E-088 -6.264438722281854E-088
         -36        -144  2.401399732747633E-083 -2.401284065353610E-083
         -36        -135  1.233790057500129E-067 -1.233746516049046E-067
         -36        -126  3.642882485216829E-052 -3.642787310383466E-052
         -36        -117  3.615231295163718E-037 -3.615149801266075E-037
         -36        -108  4.384058738994483E-023 -4.383934366621990E-023
         -36         -99  9.124694080697939E-011 -9.123926502700977E-011
         -36         -90  3.595096087400659E-002 -3.585117921199869E-002
         -36         -81   8.93482054198050       -4.98374719345690     
         -36         -72   27.6173132878892       -13.1346135230880     
         -36         -63   24.2758145949546       -13.0528496277819     
         -36         -54   6.60612912276738       -5.01722741491910     
         -36         -45  0.151580974304770      -0.151128415767794     
         -36         -36  3.912064922770735E-005 -3.922417206122990E-005
         -36         -27  3.885019036010876E-002 -3.886180939001393E-002
         -36         -18   2.26842317651104       -2.34588073930428     
         -36          -9   5.13274430062495       -9.74221497655471     
         -36           0 -2.325867769865583E-015  -14.8703798846943     
         -36           9  -5.13274430062492       -9.74221497655471     
         -36          18  -2.26842317651105       -2.34588073930428     
         -36          27 -3.885019036010840E-002 -3.886180939001423E-002
         -36          36 -3.912064922770712E-005 -3.922417206123022E-005
         -36          45 -0.151580974304771      -0.151128415767793     
         -36          54  -6.60612912276736       -5.01722741491911     
         -36          63  -24.2758145949546       -13.0528496277819     
         -36          72  -27.6173132878892       -13.1346135230880     
         -36          81  -8.93482054198049       -4.98374719345693     
         -36          90 -3.595096087400704E-002 -3.585117921199838E-002
         -36          99 -9.124694080697718E-011 -9.123926502701443E-011
         -36         108 -4.384058738982224E-023 -4.383934366616257E-023
         -36         117 -3.615231502086109E-037 -3.615149755430563E-037
         -36         126 -3.642883339029127E-052 -3.642788565519303E-052
         -36         135 -1.233790507821243E-067 -1.233745609962977E-067
         -36         144 -2.401401519693809E-083 -2.401276183115808E-083
         -27        -144  7.081521289866763E-080 -7.076712659187155E-080
         -27        -135  4.697255601783089E-064 -4.694792054452113E-064
         -27        -126  1.686086749257941E-048 -1.685362205136523E-048
         -27        -117  1.743834773712230E-033 -1.743113443216147E-033
         -27        -108  1.539091919441456E-019 -1.538216456203951E-019
         -27         -99  9.617545733860452E-008 -9.599304289478111E-008
         -27         -90  0.712596042640522      -0.640794905174893     
         -27         -81   18.4850747423556       -5.91983599255719     
         -27         -72   31.1812848870957       -10.8833066700019     
         -27         -63   16.2543147651714       -6.50766288879238     
         -27         -54  0.987947165165638      -0.903656494848769     
         -27         -45  2.600122174999264E-004 -2.594535667776346E-004
         -27         -36  3.886183862812893E-002 -3.885045533850170E-002
         -27         -27   7.44075390465295       -7.44075430240079     
         -27         -18   25.9018334802783       -36.1690493905580     
         -27          -9   22.3855353019672       -69.6589164584356     
         -27           0  1.778091562876227E-014  -81.7835425516474     
         -27           9  -22.3855353019672       -69.6589164584357     
         -27          18  -25.9018334802782       -36.1690493905581     
         -27          27  -7.44075390465296       -7.44075430240079     
         -27          36 -3.886183862812854E-002 -3.885045533850202E-002
         -27          45 -2.600122174999230E-004 -2.594535667776364E-004
         -27          54 -0.987947165165640      -0.903656494848765     
         -27          63  -16.2543147651714       -6.50766288879237     
         -27          72  -31.1812848870958       -10.8833066700019     
         -27          81  -18.4850747423556       -5.91983599255715     
         -27          90 -0.712596042640518      -0.640794905174897     
         -27          99 -9.617545733860598E-008 -9.599304289477884E-008
         -27         108 -1.539091919441424E-019 -1.538216456204005E-019
         -27         117 -1.743834754954034E-033 -1.743113339309862E-033
         -27         126 -1.686086832653118E-048 -1.685362104206140E-048
         -27         135 -4.697257310862514E-064 -4.694788075760766E-064
         -27         144 -7.081516944818847E-080 -7.076730867337052E-080
         -18        -144  1.508935049381911E-077 -1.494779132271003E-077
         -18        -135  1.176096741477578E-061 -1.166706316894145E-061
         -18        -126  4.719398446636319E-046 -4.685687941388194E-046
         -18        -117  4.822478043605358E-031 -4.787616036174007E-031
         -18        -108  3.146640955419137E-017 -3.115872011369878E-017
         -18         -99  6.834443790694895E-006 -6.642283171048642E-006
         -18         -90   2.69313809697090       -1.33976519251578     
         -18         -81   25.7682136521012       -5.32446897325664     
         -18         -72   30.4585797092729       -6.92156605667768     
         -18         -63   8.65727118960084       -2.97756247316114     
         -18         -54  4.410175599938000E-002 -4.070725415610316E-002
         -18         -45  1.278755902160761E-004 -1.274245429495860E-004
         -18         -36   2.34592070930429       -2.26846315689483     
         -18         -27   36.1691195898869       -25.9019838657605     
         -18         -18   52.5024679526293       -52.5026889352341     
         -18          -9   17.7863197592793       -41.0142407970617     
         -18           0  2.012275526363952E-014  -24.2903991611752     
         -18           9  -17.7863197592793       -41.0142407970617     
         -18          18  -52.5024679526293       -52.5026889352341     
         -18          27  -36.1691195898868       -25.9019838657605     
         -18          36  -2.34592070930429       -2.26846315689482     
         -18          45 -1.278755902160745E-004 -1.274245429495879E-004
         -18          54 -4.410175599938003E-002 -4.070725415610327E-002
         -18          63  -8.65727118960084       -2.97756247316113     
         -18          72  -30.4585797092729       -6.92156605667767     
         -18          81  -25.7682136521012       -5.32446897325664     
         -18          90  -2.69313809697090       -1.33976519251577     
         -18          99 -6.834443790694798E-006 -6.642283171048784E-006
         -18         108 -3.146640955419185E-017 -3.115872011369683E-017
         -18         117 -4.822478227807078E-031 -4.787615657196190E-031
         -18         126 -4.719398823325152E-046 -4.685687902625441E-046
         -18         135 -1.176097163073790E-061 -1.166704714853305E-061
         -18         144 -1.508935593635290E-077 -1.494777995125738E-077
          -9        -144  2.356749672958667E-076 -2.056388593600215E-076
          -9        -135  1.977807582170353E-060 -1.743534295504578E-060
          -9        -126  8.319595891310847E-045 -7.379125032122980E-045
          -9        -117  8.343643313273098E-030 -7.382660726426922E-030
          -9        -108  4.578377041315685E-016 -3.952137151433735E-016
          -9         -99  5.546501972691182E-005 -4.198840167679332E-005
          -9         -90   5.00324217593206      -0.970447139142246     
          -9         -81   29.5003443080969       -3.02806189934829     
          -9         -72   28.4629781448460       -3.16763605663846     
          -9         -63   4.65257339963415       -1.11142322227378     
          -9         -54  1.951475931987827E-003 -1.443999380223450E-003
          -9         -45  2.544426495576901E-003 -2.290125934132323E-003
          -9         -36   9.74295004927511       -5.13340028446467     
          -9         -27   69.6589860326464       -22.3867753583802     
          -9         -18   41.0134353972625       -17.7869041763759     
          -9          -9  0.531245709244003      -0.531245709183142     
          -9           0 -3.705769144237474E-020 -1.329503944946644E-005
          -9           9 -0.531245709244001      -0.531245709183144     
          -9          18  -41.0134353972625       -17.7869041763759     
          -9          27  -69.6589860326463       -22.3867753583802     
          -9          36  -9.74295004927510       -5.13340028446469     
          -9          45 -2.544426495576907E-003 -2.290125934132302E-003
          -9          54 -1.951475931987838E-003 -1.443999380223436E-003
          -9          63  -4.65257339963415       -1.11142322227380     
          -9          72  -28.4629781448460       -3.16763605663847     
          -9          81  -29.5003443080969       -3.02806189934828     
          -9          90  -5.00324217593204      -0.970447139142245     
          -9          99 -5.546501972691224E-005 -4.198840167679092E-005
          -9         108 -4.578377041315663E-016 -3.952137151433946E-016
          -9         117 -8.343643433419647E-030 -7.382658100354190E-030
          -9         126 -8.319596414248529E-045 -7.379115431979071E-045
          -9         135 -1.977807513185606E-060 -1.743534236601492E-060
          -9         144 -2.356749806887297E-076 -2.056391576178084E-076
           0        -144  4.413124875697017E-076 -2.276789368274458E-081
           0        -135  3.721332337551873E-060 -2.099788442394681E-065
           0        -126  1.569867174596746E-044 -5.738227212042203E-050
           0        -117  1.572626470112389E-029 -6.027857092181534E-035
           0        -108  8.530495544577063E-016 -2.364775320216401E-021
           0         -99  9.745322424629332E-005 -1.339383784325781E-010
           0         -90   5.97359152856070      -2.046499573103090E-006
           0         -81   30.5875208574014      -7.574464097376190E-006
           0         -72   27.5152315778226      -6.941319995515654E-006
           0         -63   3.54402838956594      -1.490277479519295E-006
           0         -54  5.076569299471733E-004 -1.660535530250957E-007
           0         -45  4.835240440525860E-003 -1.036280430013258E-006
           0         -36   14.8756296076412      -3.861250075658434E-003
           0         -27   81.7886847313613      -1.286443332382528E-002
           0         -18   24.2800052302280      -9.004147096318270E-003
           0          -9  1.327853495616336E-005 -1.656532778358353E-008
           0           0  1.128474576789396E-033 -2.539949429546860E-018
           0           9 -1.327853495616337E-005 -1.656532778353125E-008
           0          18  -24.2800052302280      -9.004147096337352E-003
           0          27  -81.7886847313613      -1.286443332380394E-002
           0          36  -14.8756296076412      -3.861250075618059E-003
           0          45 -4.835240440525854E-003 -1.036280430057389E-006
           0          54 -5.076569299471724E-004 -1.660535530246324E-007
           0          63  -3.54402838956594      -1.490277469479120E-006
           0          72  -27.5152315778226      -6.941319971728258E-006
           0          81  -30.5875208574014      -7.574464065901801E-006
           0          90  -5.97359152856069      -2.046499555374270E-006
           0          99 -9.745322424629324E-005 -1.339383763176427E-010
           0         108 -8.530495544577130E-016 -2.364775291019304E-021
           0         117 -1.572626480216541E-029 -6.061357522184076E-035
           0         126 -1.569867204667523E-044 -8.385938710047820E-050
           0         135 -3.721331974969056E-060 -2.101921160676660E-065
           0         144 -4.413125438567921E-076 -2.339821037270124E-081
           9        -144  2.356745698196133E-076  2.056366321514477E-076
           9        -135  1.977804372649967E-060  1.743519421607606E-060
           9        -126  8.319581719799673E-045  7.379051397402663E-045
           9        -117  8.343627641868848E-030  7.382599671017573E-030
           9        -108  4.578367704179061E-016  3.952109106375451E-016
           9         -99  5.546488419443211E-005  4.198814201097131E-005
           9         -90   5.00322226096004       0.970439356818907     
           9         -81   29.5002067942620        3.02803329179481     
           9         -72   28.4628281161768        3.16760573663883     
           9         -63   4.65254475773693        1.11141357055303     
           9         -54  1.951507634955201E-003  1.443673436145439E-003
           9         -45  2.545544119085315E-003  2.290387414681629E-003
           9         -36   9.75525990223493        5.12881000292140     
           9         -27   69.8073836995436        22.2394839232967     
           9         -18   40.8947314357464        17.6021984632598     
           9          -9  0.489247331715386       0.489234074001932     
           9           0 -4.523643974673675E-024  4.256105538485604E-009
           9           9 -0.489247331715388       0.489234074001931     
           9          18  -40.8947314357464        17.6021984632598     
           9          27  -69.8073836995436        22.2394839232967     
           9          36  -9.75525990223492        5.12881000292139     
           9          45 -2.545544119085301E-003  2.290387414681640E-003
           9          54 -1.951507634955188E-003  1.443673436145466E-003
           9          63  -4.65254475773693        1.11141357055302     
           9          72  -28.4628281161769        3.16760573663883     
           9          81  -29.5002067942620        3.02803329179481     
           9          90  -5.00322226096003       0.970439356818895     
           9          99 -5.546488419443169E-005  4.198814201097167E-005
           9         108 -4.578367704179152E-016  3.952109106375204E-016
           9         117 -8.343627639312183E-030  7.382601334094386E-030
           9         126 -8.319581584350852E-045  7.379054055626735E-045
           9         135 -1.977804109928454E-060  1.743520000513125E-060
           9         144 -2.356746206844857E-076  2.056367588161605E-076
          18        -144  1.508928092253759E-077  1.494769462689027E-077
          18        -135  1.176091440794020E-061  1.166696068115029E-061
          18        -126  4.719374533784093E-046  4.685653091062435E-046
          18        -117  4.822453816043951E-031  4.787577056411614E-031
          18        -108  3.146623987513102E-017  3.115846996645912E-017
          18         -99  6.834403382272951E-006  6.642228866936479E-006
          18         -90   2.69311737500532        1.33975164033170     
          18         -81   25.7679759153043        5.32440822472019     
          18         -72   30.4582657789418        6.92148414264280     
          18         -63   8.65717153181876        2.97752716547358     
          18         -54  4.410130164535669E-002  4.070651844806188E-002
          18         -45  1.281983386697832E-004  1.273291734974150E-004
          18         -36   2.35488931038560        2.27639565128817     
          18         -27   36.6150209271074        25.7584550951181     
          18         -18   55.6851357901079        48.7976989730860     
          18          -9   26.1496033432904        25.4599029963166     
          18           0 -2.385244824704550E-016  0.288781054468129     
          18           9  -26.1496033432904        25.4599029963166     
          18          18  -55.6851357901078        48.7976989730861     
          18          27  -36.6150209271074        25.7584550951181     
          18          36  -2.35488931038559        2.27639565128817     
          18          45 -1.281983386697832E-004  1.273291734974153E-004
          18          54 -4.410130164535678E-002  4.070651844806178E-002
          18          63  -8.65717153181874        2.97752716547361     
          18          72  -30.4582657789418        6.92148414264283     
          18          81  -25.7679759153043        5.32440822472019     
          18          90  -2.69311737500531        1.33975164033170     
          18          99 -6.834403382273150E-006  6.642228866936193E-006
          18         108 -3.146623987513064E-017  3.115846996645780E-017
          18         117 -4.822453812413886E-031  4.787577025445365E-031
          18         126 -4.719375014347958E-046  4.685653292707041E-046
          18         135 -1.176091327878479E-061  1.166697003157435E-061
          18         144 -1.508928344707295E-077  1.494767993445574E-077
          27        -144  7.081468419999268E-080  7.076651358531547E-080
          27        -135  4.697221507912504E-064  4.694744789885701E-064
          27        -126  1.686074712622964E-048  1.685340822424822E-048
          27        -117  1.743820206860880E-033  1.743095409832400E-033
          27        -108  1.539078249693601E-019  1.538200091706355E-019
          27         -99  9.617452549874413E-008  9.599196813079742E-008
          27         -90  0.712588089176032       0.640786449357309     
          27         -81   18.4848201563142        5.91974917150994     
          27         -72   31.1808053083857        10.8831511804224     
          27         -63   16.2540594514881        6.50757567085627     
          27         -54  0.987934904255635       0.903646283233527     
          27         -45  2.601450207043438E-004  2.592113755841882E-004
          27         -36  3.938019231227442E-002  3.936806057195268E-002
          27         -27   7.74721493718382        7.74062372470291     
          27         -18   30.3599900743232        38.8943315523240     
          27          -9   54.1351497533177        59.5717268346919     
          27           0  1.225148454908620E-014   56.7573023664387     
          27           9  -54.1351497533178        59.5717268346919     
          27          18  -30.3599900743232        38.8943315523240     
          27          27  -7.74721493718381        7.74062372470292     
          27          36 -3.938019231227449E-002  3.936806057195264E-002
          27          45 -2.601450207043454E-004  2.592113755841854E-004
          27          54 -0.987934904255630       0.903646283233536     
          27          63  -16.2540594514881        6.50757567085627     
          27          72  -31.1808053083857        10.8831511804224     
          27          81  -18.4848201563142        5.91974917150993     
          27          90 -0.712588089176036       0.640786449357299     
          27          99 -9.617452549874415E-008  9.599196813079522E-008
          27         108 -1.539078249693633E-019  1.538200091706293E-019
          27         117 -1.743821734676483E-033  1.743093728521433E-033
          27         126 -1.686073573304771E-048  1.685344421910171E-048
          27         135 -4.697219714391353E-064  4.694749583256867E-064
          27         144 -7.081472409103880E-080  7.076646150573416E-080
          36        -144  2.401377593480836E-083  2.401248650140161E-083
          36        -135  1.233777477185055E-067  1.233731807714387E-067
          36        -126  3.642844643904900E-052  3.642741704687452E-052
          36        -117  3.615189910852669E-037  3.615102116238753E-037
          36        -108  4.384004316413522E-023  4.383874377173918E-023
          36         -99  9.124570575349953E-011  9.123792670217517E-011
          36         -90  3.595041042817528E-002  3.585058526324214E-002
          36         -81   8.93465336345466        4.98365300448334     
          36         -72   27.6166941741606        13.1344127146781     
          36         -63   24.2752722775608        13.0527598486351     
          36         -54   6.60610108224582        5.01725395052534     
          36         -45  0.151590186814645       0.151137431552429     
          36         -36  3.946448648346920E-005  3.920927842321968E-005
          36         -27  4.266384443957248E-002  4.267536570523717E-002
          36         -18   3.43451437827154        3.51899432684028     
          36          -9   29.9343275211529        33.9678969725718     
          36           0  1.908195823574488E-014   60.9831436729074     
          36           9  -29.9343275211529        33.9678969725718     
          36          18  -3.43451437827155        3.51899432684028     
          36          27 -4.266384443957245E-002  4.267536570523719E-002
          36          36 -3.946448648346955E-005  3.920927842321935E-005
          36          45 -0.151590186814644       0.151137431552430     
          36          54  -6.60610108224585        5.01725395052534     
          36          63  -24.2752722775607        13.0527598486352     
          36          72  -27.6166941741607        13.1344127146782     
          36          81  -8.93465336345468        4.98365300448334     
          36          90 -3.595041042817503E-002  3.585058526324240E-002
          36          99 -9.124570575350108E-011  9.123792670217097E-011
          36         108 -4.384004316403809E-023  4.383874377180921E-023
          36         117 -3.615192199035971E-037  3.615099141499784E-037
          36         126 -3.642842831454745E-052  3.642741626483542E-052
          36         135 -1.233777470557407E-067  1.233731353741935E-067
          36         144 -2.401377440284863E-083  2.401248763155334E-083
          45        -144  6.264384209208938E-088  6.264356722656460E-088
          45        -135  2.248347750307896E-072  2.248342739092213E-072
          45        -126  4.907679576486720E-057  4.907665155060224E-057
          45        -117  4.208645575095716E-042  4.208638653103237E-042
          45        -108  6.355340521075647E-028  6.355331679738262E-028
          45         -99  3.863201208101807E-015  3.863188019162178E-015
          45         -90  4.990196052211669E-005  4.990012455289876E-005
          45         -81   2.04779212816204        1.97499462835366     
          45         -72   17.6167133776039        10.7109991679688     
          45         -63   26.6192378290924        18.4485376669414     
          45         -54   16.9494100063105        13.7966746397208     
          45         -45   4.23537260152955        4.23566816800582     
          45         -36  0.151282420483273       0.151737364703384     
          45         -27  2.607675568116955E-004  2.612795236505830E-004
          45         -18  4.289304173415299E-004  4.308430707835315E-004
          45          -9   1.47239152268889        1.44754964352972     
          45           0  1.279087512989774E-014   2.89423894153183     
          45           9  -1.47239152268889        1.44754964352972     
          45          18 -4.289304173415294E-004  4.308430707835315E-004
          45          27 -2.607675568116972E-004  2.612795236505816E-004
          45          36 -0.151282420483273       0.151737364703385     
          45          45  -4.23537260152956        4.23566816800581     
          45          54  -16.9494100063105        13.7966746397208     
          45          63  -26.6192378290923        18.4485376669414     
          45          72  -17.6167133776040        10.7109991679687     
          45          81  -2.04779212816203        1.97499462835364     
          45          90 -4.990196052211737E-005  4.990012455289822E-005
          45          99 -3.863201208101739E-015  3.863188019162399E-015
          45         108 -6.355340331395992E-028  6.355328039964566E-028
          45         117 -4.208644624629077E-042  4.208636471198980E-042
          45         126 -4.907679562911934E-057  4.907666067354683E-057
          45         135 -2.248347770295233E-072  2.248340791414110E-072
          45         144 -6.264385819168296E-088  6.264352030702844E-088
          54        -144  1.390282405900158E-093  1.390279861039949E-093
          54        -135  3.128218748992891E-078  3.128214269941225E-078
          54        -126  4.460212584393569E-063  4.460204854821739E-063
          54        -117  2.854844817796513E-048  2.854839307324997E-048
          54        -108  4.437457057862388E-034  4.437453109267251E-034
          54         -99  5.724559090254628E-021  5.724556246669121E-021
          54         -90  9.069628263661023E-010  9.069620808445035E-010
          54         -81  3.644843547869093E-002  3.644676963530519E-002
          54         -72   5.74055025442705        5.18791433809291     
          54         -63   19.4629153541834        16.4827640684321     
          54         -54   22.6147577476210        22.6254841326168     
          54         -45   13.7890407662740        16.9673997562595     
          54         -36   5.01927373435223        6.62964426882217     
          54         -27  0.911639031247781        1.00174557144603     
          54         -18  3.941700906501836E-002  5.120925878003819E-002
          54          -9 -0.394056537377305       0.431550420511016     
          54           0 -6.030874584450618E-015  0.851309174130125     
          54           9  0.394056537377304       0.431550420511020     
          54          18 -3.941700906501876E-002  5.120925878003808E-002
          54          27 -0.911639031247781        1.00174557144603     
          54          36  -5.01927373435224        6.62964426882216     
          54          45  -13.7890407662740        16.9673997562595     
          54          54  -22.6147577476210        22.6254841326168     
          54          63  -19.4629153541834        16.4827640684320     
          54          72  -5.74055025442703        5.18791433809291     
          54          81 -3.644843547869116E-002  3.644676963530515E-002
          54          90 -9.069628263660950E-010  9.069620808445120E-010
          54          99 -5.724559090254547E-021  5.724556246668994E-021
          54         108 -4.437468281158182E-034  4.437442719293724E-034
          54         117 -2.854844788323668E-048  2.854839327177258E-048
          54         126 -4.460209746995534E-063  4.460212412389245E-063
          54         135 -3.128219543858591E-078  3.128214326776647E-078
          54         144 -1.390281705610775E-093  1.390281638526117E-093
          63        -144  3.015482962920426E-100  3.015478334151576E-100
          63        -135  3.829726883784594E-085  3.829725163583323E-085
          63        -126  3.137533303982696E-070  3.137534142505407E-070
          63        -117  1.268301009819997E-055  1.268300433320517E-055
          63        -108  1.594637455815852E-041  1.594636930916764E-041
          63         -99  2.894765858153182E-028  2.894764857883516E-028
          63         -90  2.165338087004225E-016  2.165337391569826E-016
          63         -81  8.259272391176914E-007  8.259269236771567E-007
          63         -72  0.312768022373687       0.312755865616762     
          63         -63   6.95414107849845        6.95441795338848     
          63         -54   16.4704041978697        19.4647314067801     
          63         -45   18.4035577766931        26.6525496212952     
          63         -36   12.9357021867836        24.4592897218813     
          63         -27   6.18642556952387        16.8959395549470     
          63         -18   1.76207423065272        10.8490189528176     
          63          -9  -6.01105458873989        14.3630140786832     
          63           0 -4.770489558936220E-015   19.5602521742903     
          63           9   6.01105458873989        14.3630140786833     
          63          18  -1.76207423065271        10.8490189528176     
          63          27  -6.18642556952391        16.8959395549470     
          63          36  -12.9357021867836        24.4592897218813     
          63          45  -18.4035577766931        26.6525496212952     
          63          54  -16.4704041978697        19.4647314067801     
          63          63  -6.95414107849845        6.95441795338849     
          63          72 -0.312768022373688       0.312755865616761     
          63          81 -8.259272391176966E-007  8.259269236771532E-007
          63          90 -2.165338087004272E-016  2.165337391569793E-016
          63          99 -2.894765868211581E-028  2.894764869429183E-028
          63         108 -1.594637019761081E-041  1.594638601174382E-041
          63         117 -1.268301994016985E-055  1.268299264719096E-055
          63         126 -3.137533388890767E-070  3.137534315993299E-070
          63         135 -3.829727351269593E-085  3.829725870546592E-085
          63         144 -3.015482245009920E-100  3.015478755824655E-100
          72        -144  7.602178659423483E-108  7.602178196730284E-108
          72        -135  4.969757477099550E-093  4.969749242637868E-093
          72        -126  2.080776858870561E-078  2.080778130248761E-078
          72        -117  4.520633850123183E-064  4.520635097833132E-064
          72        -108  3.602042332136081E-050  3.602039769705595E-050
          72         -99  6.067864618023417E-037  6.067864073264622E-037
          72         -90  9.330536246369808E-025  9.330533617703122E-025
          72         -81  3.810925649040720E-014  3.810924636901890E-014
          72         -72  6.829894275099842E-006  6.829892511064158E-006
          72         -63  0.312613047734969       0.312624924670181     
          72         -54   5.18081717767231        5.73338671923308     
          72         -45   10.6555358011299        17.5831017280595     
          72         -36   12.8525632445934        27.6074367961951     
          72         -27   9.76944028054898        31.6708424541737     
          72         -18   2.53113672487414        33.3656419777884     
          72          -9  -14.6330871367993        37.7045923046880     
          72           0  8.153200337090993E-015   41.1293781769646     
          72           9   14.6330871367994        37.7045923046880     
          72          18  -2.53113672487415        33.3656419777884     
          72          27  -9.76944028054901        31.6708424541737     
          72          36  -12.8525632445934        27.6074367961951     
          72          45  -10.6555358011300        17.5831017280595     
          72          54  -5.18081717767230        5.73338671923309     
          72          63 -0.312613047734972       0.312624924670180     
          72          72 -6.829894275099726E-006  6.829892511064275E-006
          72          81 -3.810925649040727E-014  3.810924636901852E-014
          72          90 -9.330536246369165E-025  9.330533617641788E-025
          72          99 -6.067864857916560E-037  6.067862817649624E-037
          72         108 -3.602040322843884E-050  3.602038688113483E-050
          72         117 -4.520631646052904E-064  4.520636973125098E-064
          72         126 -2.080777259461590E-078  2.080776885713694E-078
          72         135 -4.969756286609201E-093  4.969749409443287E-093
          72         144 -7.602178277104851E-108  7.602176226052369E-108
          81        -144  2.716467189513501E-116  2.716464358484825E-116
          81        -135  8.509202906560418E-102  8.509202282921500E-102
          81        -126  1.658996244672780E-087  1.658996706260324E-087
          81        -117  1.696186513630943E-073  1.696183081077102E-073
          81        -108  6.958360393718077E-060  6.958343870405771E-060
          81         -99  7.637208189127376E-047  7.637211350487594E-047
          81         -90  1.250188191147343E-034  1.250187837751678E-034
          81         -81  1.381097880888199E-023  1.381097537977522E-023
          81         -72  3.809430691237070E-014  3.809429778746324E-014
          81         -63  8.249685082420136E-007  8.249683903616607E-007
          81         -54  3.633052822538210E-002  3.633216514994168E-002
          81         -45   1.95702601411102        2.02958924843444     
          81         -36   4.81898645895453        8.73729386204872     
          81         -27   5.03644184920892        17.4404057369183     
          81         -18   1.31513349334528        21.6945539794662     
          81          -9  -10.1093959345632        14.0478753074807     
          81           0  7.067642911889882E-016   6.09938222227384     
          81           9   10.1093959345633        14.0478753074807     
          81          18  -1.31513349334529        21.6945539794662     
          81          27  -5.03644184920890        17.4404057369183     
          81          36  -4.81898645895453        8.73729386204873     
          81          45  -1.95702601411101        2.02958924843445     
          81          54 -3.633052822538248E-002  3.633216514994133E-002
          81          63 -8.249685082420030E-007  8.249683903616792E-007
          81          72 -3.809430691237142E-014  3.809429778746190E-014
          81          81 -1.381097880919658E-023  1.381097538030318E-023
          81          90 -1.250188641207244E-034  1.250187543703605E-034
          81          99 -7.637208498362428E-047  7.637206432267848E-047
          81         108 -6.958355188619071E-060  6.958350548043842E-060
          81         117 -1.696186830545262E-073  1.696182869682282E-073
          81         126 -1.658996330313580E-087  1.658996617556498E-087
          81         135 -8.509201279308321E-102  8.509202634774403E-102
          81         144 -2.716465010767054E-116  2.716467886917471E-116
          90        -144  1.696499611835672E-125  1.696498554707424E-125
          90        -135  2.428805452968996E-111  2.428805491350148E-111
          90        -126  2.072527792368102E-097  2.072522079203661E-097
          90        -117  9.101028738244575E-084  9.101010803938755E-084
          90        -108  1.656990580509271E-070  1.656988689335205E-070
          90         -99  9.162472390053325E-058  9.162486433861753E-058
          90         -90  1.002333132186075E-045  1.002332674648795E-045
          90         -81  1.249781385522156E-034  1.249780976185880E-034
          90         -72  9.322226202678156E-025  9.322224013198523E-025
          90         -63  2.160545041560589E-016  2.160544556437286E-016
          90         -54  9.016776969902507E-010  9.016779254371766E-010
          90         -45  4.907955330250585E-005  4.908134431017880E-005
          90         -36  3.410092546493708E-002  3.419907520108134E-002
          90         -27  0.542048536628892       0.610348052831478     
          90         -18  0.506655601319860        1.65904667752147     
          90          -9  -1.08045771063937        1.08524240014370     
          90           0  1.287489386133811E-017  4.787561390519444E-003
          90           9   1.08045771063934        1.08524240014371     
          90          18 -0.506655601319860        1.65904667752148     
          90          27 -0.542048536628895       0.610348052831477     
          90          36 -3.410092546493654E-002  3.419907520108167E-002
          90          45 -4.907955330250616E-005  4.908134431017858E-005
          90          54 -9.016776969902323E-010  9.016779254371889E-010
          90          63 -2.160545041560625E-016  2.160544556437268E-016
          90          72 -9.322226202570234E-025  9.322224013340091E-025
          90          81 -1.249781044288915E-034  1.249781544545982E-034
          90          90 -1.002333115659247E-045  1.002332839467730E-045
          90          99 -9.162477492948374E-058  9.162481441026790E-058
          90         108 -1.656987474546044E-070  1.656993575436845E-070
          90         117 -9.101014720333860E-084  9.101030386728126E-084
          90         126 -2.072529386460696E-097  2.072520316441922E-097
          90         135 -2.428807013728470E-111  2.428802878618708E-111
          90         144 -1.696499716041953E-125  1.696499447925790E-125
          99        -144  2.277029968164188E-135  2.277027603582813E-135
          99        -135  1.455185728852407E-121  1.455183313697118E-121
          99        -126  5.269690000499942E-108  5.269703634591569E-108
          99        -117  9.469717095859258E-095  9.469716816359905E-095
          99        -108  7.025438333156095E-082  7.025427538328193E-082
          99         -99  1.672578353708721E-069  1.672578823294933E-069
          99         -90  9.159982422621290E-058  9.159957019303448E-058
          99         -81  7.631850060835318E-047  7.631859678868118E-047
          99         -72  6.058372641512946E-037  6.058359281627520E-037
          99         -63  2.884225851616710E-028  2.884225160185609E-028
          99         -54  5.672284870827066E-021  5.672284065341982E-021
          99         -45  3.768493329258339E-015  3.768503760819737E-015
          99         -36  8.494780671579241E-011  8.495532045081901E-011
          99         -27  7.648623567126131E-008  7.665611174762977E-008
          99         -18  1.897280796181418E-006  2.050420928654675E-006
          99          -9 -1.973806786383857E-006  1.973889529914909E-006
          99           0 -6.936927256144423E-024  7.952291182138804E-011
          99           9  1.973806786384034E-006  1.973889529914793E-006
          99          18 -1.897280796181721E-006  2.050420928654560E-006
          99          27 -7.648623567125981E-008  7.665611174763088E-008
          99          36 -8.494780671579409E-011  8.495532045081841E-011
          99          45 -3.768493329258214E-015  3.768503760819831E-015
          99          54 -5.672284870827335E-021  5.672284065342016E-021
          99          63 -2.884225835359269E-028  2.884225159293579E-028
          99          72 -6.058367049639820E-037  6.058359648375254E-037
          99          81 -7.631863491838789E-047  7.631851427312698E-047
          99          90 -9.159966868727744E-058  9.159968753523747E-058
          99          99 -1.672580643727686E-069  1.672576912072374E-069
          99         108 -7.025442345952568E-082  7.025425887790165E-082
          99         117 -9.469706321564180E-095  9.469732071385484E-095
          99         126 -5.269698345124003E-108  5.269691994512442E-108
          99         135 -1.455183959286553E-121  1.455185988823368E-121
          99         144 -2.277030964209115E-135  2.277027485198940E-135
         108        -144  7.968500667955669E-146  7.968488511975683E-146
         108        -135  2.265042319761432E-132  2.265043091049152E-132
         108        -126  3.464837280404699E-119  3.464841388961093E-119
         108        -117  2.517707704448609E-106  2.517699205764996E-106
         108        -108  7.374074792923464E-094  7.374089321051802E-094
         108         -99  7.023770135574056E-082  7.023786008103206E-082
         108         -90  1.656040657999976E-070  1.656039714189948E-070
         108         -81  6.950162419707696E-060  6.950161107532245E-060
         108         -72  3.593220439762020E-050  3.593217286450749E-050
         108         -63  1.585965472676887E-041  1.585963618072335E-041
         108         -54  4.379743296304241E-034  4.379742485888578E-034
         108         -45  6.145017217968676E-028  6.145024281872625E-028
         108         -36  3.997430112034914E-023  3.997551813550304E-023
         108         -27  1.140222865377839E-019  1.141021878865964E-019
         108         -18  5.036561704477427E-018  5.264676836800241E-018
         108          -9 -5.150565140859274E-018  5.150650352688588E-018
         108           0  7.066741716370886E-036  7.145774262051693E-023
         108           9  5.150565140860804E-018  5.150650352688965E-018
         108          18 -5.036561704477163E-018  5.264676836800618E-018
         108          27 -1.140222865377837E-019  1.141021878865971E-019
         108          36 -3.997430112037828E-023  3.997551813534465E-023
         108          45 -6.145017211966756E-028  6.145024290074316E-028
         108          54 -4.379752148597881E-034  4.379740872898582E-034
         108          63 -1.585964342821956E-041  1.585963748205049E-041
         108          72 -3.593215868760885E-050  3.593222447830785E-050
         108          81 -6.950171996392124E-060  6.950156868253062E-060
         108          90 -1.656038929966554E-070  1.656041902658195E-070
         108          99 -7.023774549483397E-082  7.023782080031923E-082
         108         108 -7.374083770149147E-094  7.374079171069372E-094
         108         117 -2.517703423630233E-106  2.517704039519672E-106
         108         126 -3.464840303928086E-119  3.464837433518191E-119
         108         135 -2.265038264444527E-132  2.265048261585146E-132
         108         144 -7.968504953952639E-146  7.968484265712055E-146
         117        -144  8.648662215744330E-157  8.648658240586792E-157
         117        -135  1.105926398893028E-143  1.105923936028462E-143
         117        -126  7.250693760502954E-131  7.250707708555989E-131
         117        -117  2.161456843423028E-118  2.161457671178899E-118
         117        -108  2.517187191906823E-106  2.517181924929000E-106
         117         -99  9.465146281176421E-095  9.465118133532618E-095
         117         -90  9.092524361409636E-084  9.092515946996970E-084
         117         -81  1.693164991016630E-073  1.693165263488697E-073
         117         -72  4.504555653446101E-064  4.504552995461129E-064
         117         -63  1.258655739219054E-055  1.258656577952478E-055
         117         -54  2.805140336490598E-048  2.805140181041411E-048
         117         -45  4.031004265610560E-042  4.031015651307707E-042
         117         -36  3.225434401409967E-037  3.225521252995535E-037
         117         -27  1.184200411361568E-033  1.184844913528372E-033
         117         -18  4.780931873958123E-032  5.017822746479393E-032
         117          -9 -4.899333172192265E-032  4.899390682001575E-032
         117           0  2.870134615213811E-043  4.034412180482027E-037
         117           9  4.899333067324586E-032  4.899390675955947E-032
         117          18 -4.780931790881844E-032  5.017822740770406E-032
         117          27 -1.184200417183805E-033  1.184844916492025E-033
         117          36 -3.225438379775159E-037  3.225518162927470E-037
         117          45 -4.031008461515720E-042  4.031012899709477E-042
         117          54 -2.805143063795509E-048  2.805139367608868E-048
         117          63 -1.258655002401144E-055  1.258656093533052E-055
         117          72 -4.504561498145749E-064  4.504550330108153E-064
         117          81 -1.693167260429133E-073  1.693165127844670E-073
         117          90 -9.092530702150260E-084  9.092510624671069E-084
         117          99 -9.465153795458297E-095  9.465115543531702E-095
         117         108 -2.517185405890814E-106  2.517183376795006E-106
         117         117 -2.161456363293191E-118  2.161457642244807E-118
         117         126 -7.250700314995074E-131  7.250696834017145E-131
         117         135 -1.105925805743967E-143  1.105924947282046E-143
         117         144 -8.648657182196007E-157  8.648664170047740E-157
         126        -144  3.387942014359227E-168  3.387937338014177E-168
         126        -135  1.991028554270174E-155  1.991030004029836E-155
         126        -126  5.747040940029007E-143  5.747054312121833E-143
         126        -117  7.249375435715163E-131  7.249363610415175E-131
         126        -108  3.463386632933460E-119  3.463385071663541E-119
         126         -99  5.265615855132586E-108  5.265626218584610E-108
         126         -90  2.069669381104489E-097  2.069667721397599E-097
         126         -81  1.654801227250942E-087  1.654801701637892E-087
         126         -72  2.070575197497040E-078  2.070574883157666E-078
         126         -63  3.105711726103222E-070  3.105708748334328E-070
         126         -54  4.360569002174883E-063  4.360562027448906E-063
         126         -45  4.652715016993075E-057  4.652716609340064E-057
         126         -36  3.172448483798535E-052  3.172541478706246E-052
         126         -27  1.032672451514021E-048  1.033305979219064E-048
         126         -18  3.043730319095368E-047  3.250315495781252E-047
         126          -9 -3.146994507065317E-047  3.147025539597092E-047
         126           0 -5.440171157182542E-059  1.783358699049388E-052
         126           9  3.146994819381170E-047  3.147026088317671E-047
         126          18 -3.043732721638654E-047  3.250316064479589E-047
         126          27 -1.032672352747825E-048  1.033306179104154E-048
         126          36 -3.172451686908878E-052  3.172541500881182E-052
         126          45 -4.652714413274697E-057  4.652716549239253E-057
         126          54 -4.360562470615140E-063  4.360563870038987E-063
         126          63 -3.105709111922063E-070  3.105710274623052E-070
         126          72 -2.070573881614612E-078  2.070575948032818E-078
         126          81 -1.654801443312363E-087  1.654801475847798E-087
         126          90 -2.069667085689920E-097  2.069669779487527E-097
         126          99 -5.265620228514716E-108  5.265622179368334E-108
         126         108 -3.463384719189592E-119  3.463385703926457E-119
         126         117 -7.249378763047545E-131  7.249358581716168E-131
         126         126 -5.747040625644004E-143  5.747054753704670E-143
         126         135 -1.991032852283396E-155  1.991025698159561E-155
         126         144 -3.387940873597302E-168  3.387937806282761E-168
         135        -144  5.456304521324246E-180  5.456301646408305E-180
         135        -135  1.514599371739179E-167  1.514595512427236E-167
         135        -126  1.990701222315813E-155  1.990699075546243E-155
         135        -117  1.105514925631087E-143  1.105516035602249E-143
         135        -108  2.263548731348328E-132  2.263547787911471E-132
         135         -99  1.453558594791697E-121  1.453555533562784E-121
         135         -90  2.424140729547721E-111  2.424141022471995E-111
         135         -81  8.479971821635997E-102  8.479965302435816E-102
         135         -72  4.937457064163254E-093  4.937451759090067E-093
         135         -63  3.779705172032603E-085  3.779701712408398E-085
         135         -54  3.041213788936675E-078  3.041216409562227E-078
         135         -45  2.107877772753035E-072  2.107879316527380E-072
         135         -36  1.044642968834440E-067  1.044684530013404E-067
         135         -27  2.555280668875209E-064  2.557370943037596E-064
         135         -18  5.083604222109479E-063  5.594858413602042E-063
         135          -9 -5.339184012690072E-063  5.339236986603958E-063
         135           0 -4.931016394293952E-076  2.240192207979864E-068
         135           9  5.339179254521621E-063  5.339236496122410E-063
         135          18 -5.083623765811623E-063  5.594857913388626E-063
         135          27 -2.555280443235723E-064  2.557370845605209E-064
         135          36 -1.044642469163222E-067  1.044684406504165E-067
         135          45 -2.107875106450127E-072  2.107879344445458E-072
         135          54 -3.041216714460685E-078  3.041214921945289E-078
         135          63 -3.779701160738792E-085  3.779703483657983E-085
         135          72 -4.937454515380230E-093  4.937452438307277E-093
         135          81 -8.479955836115358E-102  8.479973195724031E-102
         135          90 -2.424144608717737E-111  2.424139026248009E-111
         135          99 -1.453555958202880E-121  1.453557269142926E-121
         135         108 -2.263548853503004E-132  2.263547137502184E-132
         135         117 -1.105514955115303E-143  1.105516254395980E-143
         135         126 -1.990702769247427E-155  1.990698458684616E-155
         135         135 -1.514595013734839E-167  1.514599523334951E-167
         135         144 -5.456304919962650E-180  5.456298698359373E-180
         144        -144  4.036181085579656E-192  4.036180844528419E-192
         144        -135  5.455489065815775E-180  5.455475266584902E-180
         144        -126  3.386810026860939E-168  3.386820194706168E-168
         144        -117  8.643693603548142E-157  8.643665844162978E-157
         144        -108  7.961014243720488E-146  7.960995465858611E-146
         144         -99  2.273535100397435E-135  2.273540457786482E-135
         144         -90  1.692135516069144E-125  1.692136414343962E-125
         144         -81  2.704205153439667E-116  2.704204648022151E-116
         144         -72  7.538636714908897E-108  7.538640173919291E-108
         144         -63  2.966113739210176E-100  2.966116107549581E-100
         144         -54  1.343231543866541E-093  1.343230995244737E-093
         144         -45  5.800880107220869E-088  5.800907576508814E-088
         144         -36  1.966117263503229E-083  1.966233711401419E-083
         144         -27  3.375157197984503E-080  3.379089657832149E-080
         144         -18  4.452890905146475E-079  5.128277952533232E-079
         144          -9 -4.790532539012499E-079  4.790573443978639E-079
         144           0  3.082324137922655E-090  1.567930031730493E-084
         144           9  4.790525608718976E-079  4.790576076869759E-079
         144          18 -4.452881717115173E-079  5.128280522403026E-079
         144          27 -3.375158044775514E-080  3.379089027464493E-080
         144          36 -1.966116832256143E-083  1.966233721339016E-083
         144          45 -5.800877394472416E-088  5.800907222649781E-088
         144          54 -1.343230749199161E-093  1.343231411917305E-093
         144          63 -2.966114188102508E-100  2.966115712714661E-100
         144          72 -7.538643449693728E-108  7.538637612946821E-108
         144          81 -2.704202144861329E-116  2.704206766898526E-116
         144          90 -1.692136599330987E-125  1.692135839135640E-125
         144          99 -2.273535732568243E-135  2.273540030308684E-135
         144         108 -7.961000269972226E-146  7.961004265153590E-146
         144         117 -8.643680672632425E-157  8.643677153386921E-157
         144         126 -3.386811322868580E-168  3.386817938977784E-168
         144         135 -5.455489020362737E-180  5.455475450270646E-180
         144         144 -4.036182087312798E-192  4.036179411721613E-192
