        -144        -144  1.364601055155323E-183 -1.364618840987588E-183
        -144        -135  3.574383904156259E-173 -3.574379589607464E-173
        -144        -126  4.696526636512991E-163 -4.696481704873542E-163
        -144        -117  2.826298219341020E-153 -2.826306015646961E-153
        -144        -108  7.010148746430703E-144 -7.010075696244500E-144
        -144         -99  6.347176806568192E-135 -6.347253470345169E-135
        -144         -90  1.827732676839396E-126 -1.827728426715018E-126
        -144         -81  1.435637156473664E-118 -1.435627160045271E-118
        -144         -72  2.605954479846099E-111 -2.605947155822458E-111
        -144         -63  9.203760337149438E-105 -9.203752609754030E-105
        -144         -54  5.336714606009461E-099 -5.336756464555500E-099
        -144         -45  4.339699693257573E-094 -4.339825928064770E-094
        -144         -36  4.317568051489330E-090 -4.318475736331752E-090
        -144         -27  4.709288626483027E-087 -4.717907110559216E-087
        -144         -18  5.165902672752068E-085 -5.260143818882296E-085
        -144          -9  5.029184078797398E-084 -6.071759855451378E-084
        -144           0  1.768103308428525E-089 -1.110091893530390E-083
        -144           9 -5.029177319047955E-084 -6.071761465868033E-084
        -144          18 -5.165886314178823E-085 -5.260151890367148E-085
        -144          27 -4.709246045953347E-087 -4.717913873793196E-087
        -144          36 -4.317580406458887E-090 -4.318467136051385E-090
        -144          45 -4.339732309803633E-094 -4.339813977837324E-094
        -144          54 -5.336735269098364E-099 -5.336746215085250E-099
        -144          63 -9.203758842711118E-105 -9.203756150725230E-105
        -144          72 -2.605945081591111E-111 -2.605952110123148E-111
        -144          81 -1.435627454968804E-118 -1.435632956875936E-118
        -144          90 -1.827736231728041E-126 -1.827723971231905E-126
        -144          99 -6.347251950779056E-135 -6.347194743296378E-135
        -144         108 -7.010058128877551E-144 -7.010142123624548E-144
        -144         117 -2.826293633898265E-153 -2.826311156091061E-153
        -144         126 -4.696526692839726E-163 -4.696482273234105E-163
        -144         135 -3.574361019580957E-173 -3.574398174831268E-173
        -144         144 -1.364613969924287E-183 -1.364605020647144E-183
        -135        -144  3.573984046188617E-173 -3.573970356080593E-173
        -135        -135  1.778929405210570E-162 -1.778931682372752E-162
        -135        -126  4.556644137155322E-152 -4.556615886434226E-152
        -135        -117  5.471308254356292E-142 -5.471369101339916E-142
        -135        -108  2.759350966360044E-132 -2.759344995190977E-132
        -135         -99  5.140238794640049E-123 -5.140170860478640E-123
        -135         -90  3.049260759133239E-114 -3.049276656866606E-114
        -135         -81  4.871528912835322E-106 -4.871550483123707E-106
        -135         -72  1.745139367825556E-098 -1.745152617777449E-098
        -135         -63  1.157931935481178E-091 -1.157926272744246E-091
        -135         -54  1.178668141758969E-085 -1.178672368286095E-085
        -135         -45  1.548333082304498E-080 -1.548351778981858E-080
        -135         -36  2.266862912495361E-076 -2.267156542820885E-076
        -135         -27  3.300087233924490E-073 -3.304645329055148E-073
        -135         -18  4.385761293318199E-071 -4.451841523218708E-071
        -135          -9  4.729170829252080E-070 -5.612923157414170E-070
        -135           0  1.508672829059258E-075 -1.034207913521140E-069
        -135           9 -4.729197339772324E-070 -5.612918474322416E-070
        -135          18 -4.385794370192921E-071 -4.451831008010490E-071
        -135          27 -3.300099748109940E-073 -3.304645273807756E-073
        -135          36 -2.266852489316615E-076 -2.267158254989998E-076
        -135          45 -1.548332342333235E-080 -1.548351074267708E-080
        -135          54 -1.178668337468452E-085 -1.178672682304676E-085
        -135          63 -1.157931484737118E-091 -1.157926101363633E-091
        -135          72 -1.745146434385074E-098 -1.745147268113614E-098
        -135          81 -4.871531567756252E-106 -4.871549172471269E-106
        -135          90 -3.049255864475151E-114 -3.049280322355677E-114
        -135          99 -5.140203444188122E-123 -5.140195564582082E-123
        -135         108 -2.759352484868832E-132 -2.759338021476147E-132
        -135         117 -5.471348200217908E-142 -5.471337901658745E-142
        -135         126 -4.556616985615727E-152 -4.556643826719729E-152
        -135         135 -1.778935891506461E-162 -1.778924986913984E-162
        -135         144 -3.573963401014056E-173 -3.573990667361290E-173
        -126        -144  4.695388599397109E-163 -4.695392132098270E-163
        -126        -135  4.556075510918257E-152 -4.556057477262101E-152
        -126        -126  2.346252748164326E-141 -2.346279594876751E-141
        -126        -117  5.829806751760237E-131 -5.829725872472284E-131
        -126        -108  6.233637287386818E-121 -6.233625287029515E-121
        -126         -99  2.502190950963828E-111 -2.502206141309062E-111
        -126         -90  3.210035903460727E-102 -3.210051724921878E-102
        -126         -81  1.093874714781815E-093 -1.093873094445278E-093
        -126         -72  8.067750825808061E-086 -8.067766860849322E-086
        -126         -63  1.038965363847267E-078 -1.038968749387506E-078
        -126         -54  1.893414617471078E-072 -1.893424241812018E-072
        -126         -45  4.041232900593833E-067 -4.041312581363549E-067
        -126         -36  8.655820373769395E-063 -8.656683008336156E-063
        -126         -27  1.660770978240764E-059 -1.662507235990149E-059
        -126         -18  2.638182058822139E-057 -2.671411264559374E-057
        -126          -9  3.121245777982777E-056 -3.652186437527489E-056
        -126           0  6.701925848568998E-062 -6.773415206552858E-056
        -126           9 -3.121223185093327E-056 -3.652188229951089E-056
        -126          18 -2.638174057540516E-057 -2.671416209944140E-057
        -126          27 -1.660771671478962E-059 -1.662510542492037E-059
        -126          36 -8.655872011813755E-063 -8.656663764792711E-063
        -126          45 -4.041258962546163E-067 -4.041303968612879E-067
        -126          54 -1.893408243301356E-072 -1.893426200836424E-072
        -126          63 -1.038967358387280E-078 -1.038966915301506E-078
        -126          72 -8.067720792282812E-086 -8.067782266976750E-086
        -126          81 -1.093871543188273E-093 -1.093873984965070E-093
        -126          90 -3.210046439163631E-102 -3.210040130801908E-102
        -126          99 -2.502193684276295E-111 -2.502204410530014E-111
        -126         108 -6.233655064397851E-121 -6.233610107053832E-121
        -126         117 -5.829751178260621E-131 -5.829777837083250E-131
        -126         126 -2.346261537056334E-141 -2.346268916039575E-141
        -126         135 -4.556069232705300E-152 -4.556068326102097E-152
        -126         144 -4.695386521633513E-163 -4.695390700559628E-163
        -117        -144  2.825225838595290E-153 -2.825253849833877E-153
        -117        -135  5.469922278289545E-142 -5.469908045391775E-142
        -117        -126  5.828959590051165E-131 -5.828978903382059E-131
        -117        -117  3.102499135211344E-120 -3.102523212232304E-120
        -117        -108  7.319026727014275E-110 -7.319055527433724E-110
        -117         -99  6.609983159790051E-100 -6.609951511041195E-100
        -117         -90  1.914709567212640E-090 -1.914699070122343E-090
        -117         -81  1.445542128987476E-081 -1.445553323411472E-081
        -117         -72  2.253894957216447E-073 -2.253898429536442E-073
        -117         -63  5.683625998983278E-066 -5.683581124803061E-066
        -117         -54  1.831184061528742E-059 -1.831179162908701E-059
        -117         -45  6.142056408146492E-054 -6.142150378204513E-054
        -117         -36  1.834105644269749E-049 -1.834226818539604E-049
        -117         -27  4.400699683546563E-046 -4.404343343184923E-046
        -117         -18  7.990612652403173E-044 -8.078626685749407E-044
        -117          -9  1.009081318442635E-042 -1.169788613206440E-042
        -117           0  1.415000246194021E-047 -2.178880727907593E-042
        -117           9 -1.009091343905606E-042 -1.169784184322964E-042
        -117          18 -7.990573365454076E-044 -8.078630646879594E-044
        -117          27 -4.400657505963411E-046 -4.404362033911967E-046
        -117          36 -1.834108179873992E-049 -1.834228332895665E-049
        -117          45 -6.142070848812938E-054 -6.142133204635509E-054
        -117          54 -1.831175013474052E-059 -1.831181458898134E-059
        -117          63 -5.683603492737903E-066 -5.683596086362177E-066
        -117          72 -2.253893996922369E-073 -2.253894729550030E-073
        -117          81 -1.445550830620862E-081 -1.445545727750674E-081
        -117          90 -1.914707462644287E-090 -1.914700404763628E-090
        -117          99 -6.609959050015741E-100 -6.609967204230547E-100
        -117         108 -7.319006799479807E-110 -7.319069342757377E-110
        -117         117 -3.102494733643387E-120 -3.102527133335924E-120
        -117         126 -5.829019784131567E-131 -5.828920800225787E-131
        -117         135 -5.469905859678028E-142 -5.469931071927513E-142
        -117         144 -2.825244296221776E-153 -2.825232916147257E-153
        -108        -144  7.006336223768289E-144 -7.006361324324717E-144
        -108        -135  2.758189803265697E-132 -2.758204379142665E-132
        -108        -126  6.231828670109535E-121 -6.231827663972953E-121
        -108        -117  7.317978055992063E-110 -7.317874372411645E-110
        -108        -108  3.937474531813410E-099 -3.937496338672184E-099
        -108         -99  8.275243025218469E-089 -8.275241980188331E-089
        -108         -90  5.569772525639227E-079 -5.569740723374234E-079
        -108         -81  9.460303138612977E-070 -9.460307787405124E-070
        -108         -72  3.095065118986937E-061 -3.095063612506650E-061
        -108         -63  1.469726581973830E-053 -1.469730545490249E-053
        -108         -54  7.764484804310884E-047 -7.764470683440358E-047
        -108         -45  3.673745991107965E-041 -3.673770605893497E-041
        -108         -36  1.345493342737089E-036 -1.345564746530064E-036
        -108         -27  3.553272554987553E-033 -3.555964782092503E-033
        -108         -18  6.647349348353000E-031 -6.718445959521259E-031
        -108          -9  8.414149759010835E-030 -9.750720802569679E-030
        -108           0  3.829102856867768E-036 -1.816486122032122E-029
        -108           9 -8.414139818418959E-030 -9.750719912425329E-030
        -108          18 -6.647348093553682E-031 -6.718441406274304E-031
        -108          27 -3.553271726258190E-033 -3.555968181076117E-033
        -108          36 -1.345492301095464E-036 -1.345566128121645E-036
        -108          45 -3.673738651266884E-041 -3.673771389444753E-041
        -108          54 -7.764442464621928E-047 -7.764514732527377E-047
        -108          63 -1.469730010040346E-053 -1.469727784569677E-053
        -108          72 -3.095059275032141E-061 -3.095069815984584E-061
        -108          81 -9.460305993640160E-070 -9.460315180967608E-070
        -108          90 -5.569765669694862E-079 -5.569746421829603E-079
        -108          99 -8.275239229695079E-089 -8.275237191562041E-089
        -108         108 -3.937483838046235E-099 -3.937482225321228E-099
        -108         117 -7.317943532329311E-110 -7.317917957232401E-110
        -108         126 -6.231798278954633E-121 -6.231872647033605E-121
        -108         135 -2.758192461294759E-132 -2.758200837600572E-132
        -108         144 -7.006361446761865E-144 -7.006333405057761E-144
         -99        -144  6.342642215486871E-135 -6.342611309526882E-135
         -99        -135  5.137110180914431E-123 -5.137142586834332E-123
         -99        -126  2.501025127521185E-111 -2.501042249587898E-111
         -99        -117  6.607817484506023E-100 -6.607824006578330E-100
         -99        -108  8.273802000531321E-089 -8.273851924672141E-089
         -99         -99  4.107530778994060E-078 -4.107540747022326E-078
         -99         -90  6.427483244805355E-068 -6.427476081281882E-068
         -99         -81  2.391989120002058E-058 -2.392008699324961E-058
         -99         -72  1.533453773470847E-049 -1.533448484563088E-049
         -99         -63  1.211358525042905E-041 -1.211353364412086E-041
         -99         -54  8.712863809280711E-035 -8.712878730032995E-035
         -99         -45  4.560935783310304E-029 -4.560954349332280E-029
         -99         -36  1.551189883079575E-024 -1.551281468750265E-024
         -99         -27  3.433738895359203E-021 -3.436842174288409E-021
         -99         -18  5.310620567398323E-019 -5.379327604436051E-019
         -99          -9  5.914320440855144E-018 -6.983316736577166E-018
         -99           0 -4.166289846477881E-031 -1.289763853414398E-017
         -99           9 -5.914320440855223E-018 -6.983316736577171E-018
         -99          18 -5.310620567398303E-019 -5.379327604436103E-019
         -99          27 -3.433738895359291E-021 -3.436842174288095E-021
         -99          36 -1.551189882993006E-024 -1.551281468780919E-024
         -99          45 -4.560935192017846E-029 -4.560954988843891E-029
         -99          54 -8.712892024298232E-035 -8.712872812748049E-035
         -99          63 -1.211356951921371E-041 -1.211355376627411E-041
         -99          72 -1.533452835891734E-049 -1.533448565763153E-049
         -99          81 -2.391998579437345E-058 -2.391999766253400E-058
         -99          90 -6.427477047704724E-068 -6.427487411602601E-068
         -99          99 -4.107528224464439E-078 -4.107538720442665E-078
         -99         108 -8.273816974161583E-089 -8.273824588301577E-089
         -99         117 -6.607819196274825E-100 -6.607815676783690E-100
         -99         126 -2.501040400736122E-111 -2.501025719282855E-111
         -99         135 -5.137141233957709E-123 -5.137109159870729E-123
         -99         144 -6.342626349662899E-135 -6.342645129359467E-135
         -90        -144  1.825995493850602E-126 -1.826004763253497E-126
         -90        -135  3.046784109129404E-114 -3.046784948164152E-114
         -90        -126  3.207867593401248E-102 -3.207882645520234E-102
         -90        -117  1.913693935001820E-090 -1.913687079010227E-090
         -90        -108  5.567689953717065E-079 -5.567700523624422E-079
         -90         -99  6.426226350701333E-068 -6.426211931348788E-068
         -90         -90  2.236054120256339E-057 -2.236053365072993E-057
         -90         -81  1.660900817841347E-047 -1.660904649699149E-047
         -90         -72  1.767208537382847E-038 -1.767199367920229E-038
         -90         -63  1.786283179910085E-030 -1.786283669572135E-030
         -90         -54  1.197089768918468E-023 -1.197090425673096E-023
         -90         -45  4.276401307228416E-018 -4.276426242331378E-018
         -90         -36  7.806982097651675E-014 -7.807839177416764E-014
         -90         -27  8.352716047686970E-011 -8.368332742493386E-011
         -90         -18  6.735023110065443E-009 -6.902235137436247E-009
         -90          -9  4.935397126436617E-008 -6.299124214227450E-008
         -90           0 -1.943874439916248E-021 -1.123452245162961E-007
         -90           9 -4.935397126436095E-008 -6.299124214227486E-008
         -90          18 -6.735023110065603E-009 -6.902235137436195E-009
         -90          27 -8.352716047686464E-011 -8.368332742493571E-011
         -90          36 -7.806982097651752E-014 -7.807839177416812E-014
         -90          45 -4.276401307228325E-018 -4.276426242331457E-018
         -90          54 -1.197089769010384E-023 -1.197090425682988E-023
         -90          63 -1.786283141202517E-030 -1.786283769696374E-030
         -90          72 -1.767206938183358E-038 -1.767202580747710E-038
         -90          81 -1.660901776226735E-047 -1.660903319960387E-047
         -90          90 -2.236054213675754E-057 -2.236054960684547E-057
         -90          99 -6.426220024500359E-068 -6.426218203575228E-068
         -90         108 -5.567691789178752E-079 -5.567686981178492E-079
         -90         117 -1.913694959761225E-090 -1.913686105938983E-090
         -90         126 -3.207868119916269E-102 -3.207880912812530E-102
         -90         135 -3.046796727757163E-114 -3.046771190089020E-114
         -90         144 -1.825995171129346E-126 -1.826006157836360E-126
         -81        -144  1.433875573393216E-118 -1.433874198535468E-118
         -81        -135  4.866272303791054E-106 -4.866280376663701E-106
         -81        -126  1.092852313429596E-093 -1.092854433139268E-093
         -81        -117  1.444430739950630E-081 -1.444417010054652E-081
         -81        -108  9.454520734548547E-070 -9.454553618266325E-070
         -81         -99  2.390969876656139E-058 -2.390972981016236E-058
         -81         -90  1.660518963249585E-047 -1.660519889959409E-047
         -81         -81  2.041164282034498E-037 -2.041160208687547E-037
         -81         -72  2.643289271159969E-028 -2.643290013755215E-028
         -81         -63  2.107079091350199E-020 -2.107079696709265E-020
         -81         -54  6.631467382719132E-014 -6.631473189809091E-014
         -81         -45  6.441830019627793E-009 -6.441964193409686E-009
         -81         -36  2.022429764531196E-005 -2.023718625324167E-005
         -81         -27  2.958794240675474E-003 -2.999256368268730E-003
         -81         -18  3.742931286360018E-002 -4.338736239422760E-002
         -81          -9  7.362209984070009E-002 -0.154438701507632     
         -81           0 -3.270226746633842E-015 -0.228060729474636     
         -81           9 -7.362209984069661E-002 -0.154438701507633     
         -81          18 -3.742931286359982E-002 -4.338736239422770E-002
         -81          27 -2.958794240675456E-003 -2.999256368268704E-003
         -81          36 -2.022429764531210E-005 -2.023718625324168E-005
         -81          45 -6.441830019627831E-009 -6.441964193409621E-009
         -81          54 -6.631467382719015E-014 -6.631473189809250E-014
         -81          63 -2.107079091350318E-020 -2.107079696709192E-020
         -81          72 -2.643289298739312E-028 -2.643290041044852E-028
         -81          81 -2.041161634712513E-037 -2.041160378149527E-037
         -81          90 -1.660519828767300E-047 -1.660518875453926E-047
         -81          99 -2.390974169218056E-058 -2.390965258459455E-058
         -81         108 -9.454517837808308E-070 -9.454548532239007E-070
         -81         117 -1.444422399933958E-081 -1.444428093761815E-081
         -81         126 -1.092850159923022E-093 -1.092858271128575E-093
         -81         135 -4.866271372300034E-106 -4.866281942287488E-106
         -81         144 -1.433875593931882E-118 -1.433876977526866E-118
         -72        -144  2.601859814683354E-111 -2.601854751989361E-111
         -72        -135  1.742673551484330E-098 -1.742676853060389E-098
         -72        -126  8.057602251993866E-086 -8.057639003923858E-086
         -72        -117  2.251440642167868E-073 -2.251439941780335E-073
         -72        -108  3.092238500499234E-061 -3.092248891137260E-061
         -72         -99  1.532342871289808E-049 -1.532349515865096E-049
         -72         -90  1.766294180132555E-038 -1.766304682776496E-038
         -72         -81  2.642562217406657E-028 -2.642563047173038E-028
         -72         -72  2.517121896819559E-019 -2.517122632227334E-019
         -72         -63  7.172519435313405E-012 -7.172521795200502E-012
         -72         -54  3.068541047706233E-006 -3.068556097248194E-006
         -72         -45  1.212860470172924E-002 -1.213473284565515E-002
         -72         -36  0.521078823535402      -0.545301977749974     
         -72         -27   1.59776870406124       -2.65819315753603     
         -72         -18   1.79020092633111       -5.96539017344442     
         -72          -9   1.16004109100270       -8.69353320756627     
         -72           0  5.598548968172024E-015  -9.70633175640928     
         -72           9  -1.16004109100270       -8.69353320756627     
         -72          18  -1.79020092633113       -5.96539017344441     
         -72          27  -1.59776870406124       -2.65819315753602     
         -72          36 -0.521078823535407      -0.545301977749974     
         -72          45 -1.212860470172915E-002 -1.213473284565530E-002
         -72          54 -3.068541047706332E-006 -3.068556097248126E-006
         -72          63 -7.172519435313234E-012 -7.172521795200776E-012
         -72          72 -2.517121896819646E-019 -2.517122632227258E-019
         -72          81 -2.642562217901038E-028 -2.642563050224547E-028
         -72          90 -1.766299155786348E-038 -1.766296725232820E-038
         -72          99 -1.532342145495610E-049 -1.532349360700609E-049
         -72         108 -3.092234579833037E-061 -3.092255908092975E-061
         -72         117 -2.251439606362168E-073 -2.251438877705095E-073
         -72         126 -8.057623764934606E-086 -8.057606699782508E-086
         -72         135 -1.742677410831355E-098 -1.742674595500299E-098
         -72         144 -2.601856234732263E-111 -2.601864509767631E-111
         -63        -144  9.185166377634954E-105 -9.185230951089131E-105
         -63        -135  1.155783479069408E-091 -1.155782954395085E-091
         -63        -126  1.037223165674514E-078 -1.037221839052512E-078
         -63        -117  5.675083258199835E-066 -5.675090720703544E-066
         -63        -108  1.467809291765225E-053 -1.467813300932438E-053
         -63         -99  1.210024875327523E-041 -1.210027769405430E-041
         -63         -90  1.784725319176763E-030 -1.784725275474144E-030
         -63         -81  2.105769786482666E-020 -2.105770464867797E-020
         -63         -72  7.170112045692014E-012 -7.170113793654150E-012
         -63         -63  2.045455061194845E-005 -2.045455716815300E-005
         -63         -54  0.114790939411081      -0.114825764159552     
         -63         -45   2.02218329097620       -2.22753862493481     
         -63         -36   4.58566481363272       -7.76902059098577     
         -63         -27   6.14960650183287       -14.2725695985725     
         -63         -18   5.53836933335367       -19.2653978855515     
         -63          -9   3.21298099774003       -22.3383780506990     
         -63           0  8.955509944730267E-015  -23.3785249761189     
         -63           9  -3.21298099774004       -22.3383780506991     
         -63          18  -5.53836933335367       -19.2653978855515     
         -63          27  -6.14960650183288       -14.2725695985725     
         -63          36  -4.58566481363270       -7.76902059098577     
         -63          45  -2.02218329097620       -2.22753862493481     
         -63          54 -0.114790939411079      -0.114825764159553     
         -63          63 -2.045455061194905E-005 -2.045455716815265E-005
         -63          72 -7.170112045691938E-012 -7.170113793654255E-012
         -63          81 -2.105769786482717E-020 -2.105770464867735E-020
         -63          90 -1.784723070171886E-030 -1.784736425160606E-030
         -63          99 -1.210028156069602E-041 -1.210022162965383E-041
         -63         108 -1.467808807291695E-053 -1.467813718875651E-053
         -63         117 -5.675098490444569E-066 -5.675067915609092E-066
         -63         126 -1.037221511159405E-078 -1.037222933477302E-078
         -63         135 -1.155781629394531E-091 -1.155784794887980E-091
         -63         144 -9.185173160993419E-105 -9.185201434389141E-105
         -54        -144  5.322832748256824E-099 -5.322837894717908E-099
         -54        -135  1.175810402179996E-085 -1.175807309419960E-085
         -54        -126  1.889183324416817E-072 -1.889155970706171E-072
         -54        -117  1.827433500214876E-059 -1.827432786308000E-059
         -54        -108  7.750232502461062E-047 -7.750208178989300E-047
         -54         -99  8.698857418112664E-035 -8.698895191965951E-035
         -54         -90  1.195461528138658E-023 -1.195461697870093E-023
         -54         -81  6.624286605702969E-014 -6.624284919404046E-014
         -54         -72  3.066189954956627E-006 -3.066176912180535E-006
         -54         -63  0.114778136245534      -0.114743422370659     
         -54         -54   2.92903859505567       -2.92894706474618     
         -54         -45   8.15480540518212       -9.76312102194544     
         -54         -36   11.6403049222495       -17.4089362675309     
         -54         -27   11.9259905831595       -23.7364555411476     
         -54         -18   9.59668683904823       -28.5783692548319     
         -54          -9   5.32887127982434       -31.6796243462654     
         -54           0  1.348747502571968E-014  -32.7553773568865     
         -54           9  -5.32887127982437       -31.6796243462655     
         -54          18  -9.59668683904823       -28.5783692548320     
         -54          27  -11.9259905831595       -23.7364555411477     
         -54          36  -11.6403049222495       -17.4089362675310     
         -54          45  -8.15480540518211       -9.76312102194545     
         -54          54  -2.92903859505568       -2.92894706474617     
         -54          63 -0.114778136245534      -0.114743422370660     
         -54          72 -3.066189954956657E-006 -3.066176912180490E-006
         -54          81 -6.624286605702884E-014 -6.624284919404134E-014
         -54          90 -1.195461528161208E-023 -1.195461697881721E-023
         -54          99 -8.698851188799540E-035 -8.698953662986723E-035
         -54         108 -7.750224575571318E-047 -7.750227854791717E-047
         -54         117 -1.827433879700005E-059 -1.827431888274103E-059
         -54         126 -1.889173888088194E-072 -1.889173692996172E-072
         -54         135 -1.175808480221597E-085 -1.175807395247448E-085
         -54         144 -5.322830978928718E-099 -5.322832923056815E-099
         -45        -144  4.325107626397011E-094 -4.325015180910698E-094
         -45        -135  1.543389136779547E-080 -1.543373182435164E-080
         -45        -126  4.029147058713236E-067 -4.029104968554312E-067
         -45        -117  6.124945518083878E-054 -6.124902933457793E-054
         -45        -108  3.664327630095059E-041 -3.664279407258410E-041
         -45         -99  4.550350549019417E-029 -4.550336863732457E-029
         -45         -90  4.267662839142281E-018 -4.267641092490970E-018
         -45         -81  6.430781862842611E-009 -6.430652426816624E-009
         -45         -72  1.211802655001423E-002 -1.211191377665864E-002
         -45         -63   2.22548722988340       -2.02019844805616     
         -45         -54   9.76088204612051       -8.14856783220328     
         -45         -45   16.0051344753008       -15.9966164092828     
         -45         -36   18.4712622194789       -23.0321563337161     
         -45         -27   17.6364493320367       -29.2461219529403     
         -45         -18   13.8038946135083       -34.3219307798419     
         -45          -9   7.54514693006530       -37.6441950318495     
         -45           0 -1.105886215935215E-014  -38.7847299780429     
         -45           9  -7.54514693006535       -37.6441950318495     
         -45          18  -13.8038946135083       -34.3219307798419     
         -45          27  -17.6364493320367       -29.2461219529403     
         -45          36  -18.4712622194790       -23.0321563337160     
         -45          45  -16.0051344753009       -15.9966164092827     
         -45          54  -9.76088204612052       -8.14856783220329     
         -45          63  -2.22548722988341       -2.02019844805615     
         -45          72 -1.211802655001420E-002 -1.211191377665873E-002
         -45          81 -6.430781862842708E-009 -6.430652426816517E-009
         -45          90 -4.267662839142246E-018 -4.267641092490930E-018
         -45          99 -4.550350200103058E-029 -4.550335513728666E-029
         -45         108 -3.664309863981087E-041 -3.664305337016861E-041
         -45         117 -6.124932633003593E-054 -6.124921317519893E-054
         -45         126 -4.029143012858342E-067 -4.029113881379429E-067
         -45         135 -1.543392513116765E-080 -1.543365474044470E-080
         -45         144 -4.325114202063958E-094 -4.324993009215328E-094
         -36        -144  4.299302208407504E-090 -4.298416335489243E-090
         -36        -135  2.257512585750907E-076 -2.257215733271236E-076
         -36        -126  8.621569550006510E-063 -8.620722886463404E-063
         -36        -117  1.827180121972252E-049 -1.827058598543622E-049
         -36        -108  1.340709419044415E-036 -1.340636319679091E-036
         -36         -99  1.546085841167844E-024 -1.545995963325917E-024
         -36         -90  7.784015432490541E-014 -7.783166983604944E-014
         -36         -81  2.018253778790436E-005 -2.016968909206038E-005
         -36         -72  0.544073459065965      -0.519884471726706     
         -36         -63   7.75775576599177       -4.57603697832264     
         -36         -54   17.3996316877802       -11.6187380229591     
         -36         -45   23.0403253464957       -18.4447157188818     
         -36         -36   25.0453651324831       -25.0185643851212     
         -36         -27   23.2875513603316       -31.0298893060805     
         -36         -18   17.2666791375939       -35.0680324376958     
         -36          -9   8.54541123721248       -36.2088567255683     
         -36           0 -1.832301671500502E-014  -36.0685991620789     
         -36           9  -8.54541123721253       -36.2088567255683     
         -36          18  -17.2666791375939       -35.0680324376958     
         -36          27  -23.2875513603317       -31.0298893060805     
         -36          36  -25.0453651324831       -25.0185643851212     
         -36          45  -23.0403253464958       -18.4447157188818     
         -36          54  -17.3996316877802       -11.6187380229591     
         -36          63  -7.75775576599179       -4.57603697832266     
         -36          72 -0.544073459065965      -0.519884471726710     
         -36          81 -2.018253778790421E-005 -2.016968909206050E-005
         -36          90 -7.784015432490566E-014 -7.783166983605030E-014
         -36          99 -1.546085840606670E-024 -1.545995964095977E-024
         -36         108 -1.340708281040267E-036 -1.340638478914556E-036
         -36         117 -1.827181539944021E-049 -1.827057128364349E-049
         -36         126 -8.621567148460174E-063 -8.620762813215794E-063
         -36         135 -2.257516983586625E-076 -2.257211932749773E-076
         -36         144 -4.299301179951924E-090 -4.298427002409780E-090
         -27        -144  4.690357745774332E-087 -4.681751218465552E-087
         -27        -135  3.285884482558793E-073 -3.281400284427137E-073
         -27        -126  1.653374601058446E-059 -1.651647375878275E-059
         -27        -117  4.381023198487269E-046 -4.377366651427592E-046
         -27        -108  3.537906093787615E-033 -3.535237141253790E-033
         -27         -99  3.420246104134072E-021 -3.417157496315332E-021
         -27         -90  8.330392377070614E-011 -8.314832568961586E-011
         -27         -81  2.986760088597982E-003 -2.946410847034278E-003
         -27         -72   2.64922315236160       -1.59120309062994     
         -27         -63   14.2405709540736       -6.12305295022588     
         -27         -54   23.7148006412890       -11.8784228065961     
         -27         -45   29.2574079199069       -17.5848096179261     
         -27         -36   31.0659740476396       -23.2487652162973     
         -27         -27   26.5386585300261       -26.5092512109740     
         -27         -18   13.4672239621978       -21.9228244666765     
         -27          -9   4.27257913607448       -12.7097449249586     
         -27           0  6.133196164478938E-015  -8.57717906929709     
         -27           9  -4.27257913607449       -12.7097449249586     
         -27          18  -13.4672239621978       -21.9228244666765     
         -27          27  -26.5386585300262       -26.5092512109740     
         -27          36  -31.0659740476396       -23.2487652162973     
         -27          45  -29.2574079199069       -17.5848096179261     
         -27          54  -23.7148006412890       -11.8784228065962     
         -27          63  -14.2405709540736       -6.12305295022591     
         -27          72  -2.64922315236160       -1.59120309062995     
         -27          81 -2.986760088597997E-003 -2.946410847034237E-003
         -27          90 -8.330392377070419E-011 -8.314832568961882E-011
         -27          99 -3.420246104133821E-021 -3.417157496314694E-021
         -27         108 -3.537909550953766E-033 -3.535243203192816E-033
         -27         117 -4.381017393395345E-046 -4.377372866766020E-046
         -27         126 -1.653372107754069E-059 -1.651661281067692E-059
         -27         135 -3.285889078859422E-073 -3.281400138301942E-073
         -27         144 -4.690363405319065E-087 -4.681744432646529E-087
         -18        -144  5.219699002460174E-085 -5.126017658939012E-085
         -18        -135  4.418109280553376E-071 -4.352469264793668E-071
         -18        -126  2.651521883951307E-057 -2.618474104935378E-057
         -18        -117  8.019630416399234E-044 -7.932072273835593E-044
         -18        -108  6.670456615236377E-031 -6.599737318237374E-031
         -18         -99  5.341931000487805E-019 -5.273565286709223E-019
         -18         -90  6.855895208186981E-009 -6.689452457718116E-009
         -18         -81  4.311356167023871E-002 -3.718046961080404E-002
         -18         -72   5.93506623408784       -1.77490754320015     
         -18         -63   19.1957517689688       -5.48414420285576     
         -18         -54   28.5341553571753       -9.50342421155367     
         -18         -45   34.3475649465746       -13.7066815558389     
         -18         -36   35.1459827850230       -17.2130160525611     
         -18         -27   21.9626117487464       -13.4565849501619     
         -18         -18   4.26375612116078       -4.26354373659347     
         -18          -9  7.000555169813399E-002 -7.059528979024374E-002
         -18           0 -3.388131788795334E-018 -5.898353195861170E-004
         -18           9 -7.000555169813415E-002 -7.059528979024340E-002
         -18          18  -4.26375612116078       -4.26354373659347     
         -18          27  -21.9626117487464       -13.4565849501619     
         -18          36  -35.1459827850230       -17.2130160525611     
         -18          45  -34.3475649465746       -13.7066815558389     
         -18          54  -28.5341553571754       -9.50342421155367     
         -18          63  -19.1957517689688       -5.48414420285579     
         -18          72  -5.93506623408785       -1.77490754320015     
         -18          81 -4.311356167023854E-002 -3.718046961080381E-002
         -18          90 -6.855895208187004E-009 -6.689452457718008E-009
         -18          99 -5.341931000487779E-019 -5.273565286709311E-019
         -18         108 -6.670457694983080E-031 -6.599758336102517E-031
         -18         117 -8.019640133426545E-044 -7.932035159041252E-044
         -18         126 -2.651522827649116E-057 -2.618472447261440E-057
         -18         135 -4.418114692351409E-071 -4.352465295852066E-071
         -18         144 -5.219707279613851E-085 -5.126000907914029E-085
          -9        -144  6.011390176100823E-084 -4.976851466728849E-084
          -9        -135  5.557182325232080E-070 -4.680174511003046E-070
          -9        -126  3.615985595263887E-056 -3.089009655989108E-056
          -9        -117  1.158220965181931E-042 -9.987037998109512E-043
          -9        -108  9.654711834704874E-030 -8.327711062502778E-030
          -9         -99  6.915028439780555E-018 -5.853499192547568E-018
          -9         -90  6.238443132396912E-008 -4.883923687536977E-008
          -9         -81  0.153036991393003      -7.274342308563689E-002
          -9         -72   8.62460549148522       -1.13450340035889     
          -9         -63   22.2000287885906       -3.11916688119500     
          -9         -54   31.5817537653157       -5.15189584498902     
          -9         -45   37.6919876185340       -7.34080597491801     
          -9         -36   36.3993356271485       -8.43237752223072     
          -9         -27   12.7765391510677       -4.25616929135768     
          -9         -18  7.070289673163684E-002 -7.010879950958052E-002
          -9          -9  4.537117136428659E-008 -4.537116724347794E-008
          -9           0  2.218668139731764E-028 -1.027658818827249E-013
          -9           9 -4.537117136428661E-008 -4.537116724347800E-008
          -9          18 -7.070289673163685E-002 -7.010879950958046E-002
          -9          27  -12.7765391510677       -4.25616929135769     
          -9          36  -36.3993356271485       -8.43237752223069     
          -9          45  -37.6919876185340       -7.34080597491801     
          -9          54  -31.5817537653157       -5.15189584498902     
          -9          63  -22.2000287885905       -3.11916688119498     
          -9          72  -8.62460549148522       -1.13450340035890     
          -9          81 -0.153036991393003      -7.274342308563661E-002
          -9          90 -6.238443132396813E-008 -4.883923687537132E-008
          -9          99 -6.915028439780692E-018 -5.853499192547014E-018
          -9         108 -9.654715934339729E-030 -8.327741963920690E-030
          -9         117 -1.158220000529856E-042 -9.987074077849211E-043
          -9         126 -3.615990164448445E-056 -3.088995196083624E-056
          -9         135 -5.557189209728539E-070 -4.680142389662340E-070
          -9         144 -6.011385495348688E-084 -4.976876698168773E-084
           0        -144  1.097069896812161E-083  1.745693866548549E-086
           0        -135  1.022015785649375E-069  1.706736773246187E-072
           0        -126  6.693120158067504E-056  1.181392504372843E-058
           0        -117  2.152885600010262E-042  4.020617171744606E-045
           0        -108  1.794652948029134E-029  3.577459460711651E-032
           0         -99  1.274109305977857E-017  2.736049293330364E-020
           0         -90  1.109619707333077E-007  2.612013621233415E-010
           0         -81  0.225177197399676       6.023702559209243E-004
           0         -72   9.58460461941645       3.019155909641646E-002
           0         -63   23.1187049395374       0.136082577366934     
           0         -54   32.5166864798461       0.315056827138180     
           0         -45   38.7925143887647       0.468350854678557     
           0         -36   36.4915691277201       0.367027188977990     
           0         -27   8.76778837713151       0.107265813137293     
           0         -18  6.202153303806921E-004  2.603996621222872E-005
           0          -9 -2.415310493349898E-007  2.415337286704401E-007
           0           0  9.491897529045678E-021  4.830648675394076E-007
           0           9  2.415310493349862E-007  2.415337286704410E-007
           0          18 -6.202153303806918E-004  2.603996621222812E-005
           0          27  -8.76778837713152       0.107265813137293     
           0          36  -36.4915691277201       0.367027188977948     
           0          45  -38.7925143887647       0.468350854678508     
           0          54  -32.5166864798461       0.315056827138192     
           0          63  -23.1187049395375       0.136082577366949     
           0          72  -9.58460461941645       3.019155909640680E-002
           0          81 -0.225177197399675       6.023702559156049E-004
           0          90 -1.109619707333066E-007  2.612013621275666E-010
           0          99 -1.274109305977834E-017  2.736049293418599E-020
           0         108 -1.794653206384218E-029  3.580992115206647E-032
           0         117 -2.152884294799897E-042  4.024400106738222E-045
           0         126 -6.693127607521391E-056  1.182522027463041E-058
           0         135 -1.022016542203183E-069  1.703675070668142E-072
           0         144 -1.097068548312510E-083  1.750194880688025E-086
           9        -144  5.988885585036335E-084  4.964273324523380E-084
           9        -135  5.535577145629761E-070  4.667417934045239E-070
           9        -126  3.601305911022753E-056  3.079957905487998E-056
           9        -117  1.153272956238210E-042  9.955687295136311E-043
           9        -108  9.610762840615870E-030  8.299848301274387E-030
           9         -99  6.880642128886665E-018  5.833015513159276E-018
           9         -90  6.202514811060564E-008  4.867511827090932E-008
           9         -81  0.151774818782462       7.279933998744526E-002
           9         -72   8.52355495660456        1.17762976233618     
           9         -63   21.8944460484449        3.35694669586623     
           9         -54   31.1258969348622        5.79286913400705     
           9         -45   37.2948449362085        8.52787004018236     
           9         -36   36.6472012972847        9.97108827037061     
           9         -27   13.7183715524421        5.12455879606204     
           9         -18  8.813704836075276E-002  0.193684497406935     
           9          -9  -13.0615729652073        13.1677649058519     
           9           0  3.122511748655782E-015   26.2293361303083     
           9           9   13.0615729652073        13.1677649058520     
           9          18 -8.813704836075247E-002  0.193684497406935     
           9          27  -13.7183715524421        5.12455879606204     
           9          36  -36.6472012972847        9.97108827037064     
           9          45  -37.2948449362086        8.52787004018234     
           9          54  -31.1258969348622        5.79286913400704     
           9          63  -21.8944460484449        3.35694669586625     
           9          72  -8.52355495660458        1.17762976233616     
           9          81 -0.151774818782462       7.279933998744793E-002
           9          90 -6.202514811060537E-008  4.867511827090908E-008
           9          99 -6.880642128886313E-018  5.833015513159853E-018
           9         108 -9.610761066872787E-030  8.299855583261558E-030
           9         117 -1.153272638742412E-042  9.955691378925450E-043
           9         126 -3.601308911659620E-056  3.079934987318639E-056
           9         135 -5.535577450193295E-070  4.667426069299970E-070
           9         144 -5.988877807642034E-084  4.964300088038551E-084
          18        -144  5.169022239270295E-085  5.076833087784576E-085
          18        -135  4.373011637409784E-071  4.308441772259452E-071
          18        -126  2.622938940921920E-057  2.590498048344983E-057
          18        -117  7.927930558068773E-044  7.842034220155382E-044
          18        -108  6.588985716036515E-031  6.519787234632851E-031
          18         -99  5.271441114155024E-019  5.204612016161918E-019
          18         -90  6.756076800963856E-009  6.593791990440423E-009
          18         -81  4.236927067279397E-002  3.660594288226931E-002
          18         -72   5.79169537865193        1.77301396038294     
          18         -63   18.6227366232378        5.59717300916313     
          18         -54   27.5264494209555        10.0322571309017     
          18         -45   33.0102366547588        15.1811438039141     
          18         -36   33.8649279636172        20.8046529506192     
          18         -27   20.5828113519942        21.5689167561766     
          18         -18  -4.04736304419649        23.7708156757109     
          18          -9  -41.8288490391868        43.6994872266141     
          18           0  1.908195823574488E-015   59.4051740290833     
          18           9   41.8288490391868        43.6994872266141     
          18          18   4.04736304419648        23.7708156757109     
          18          27  -20.5828113519942        21.5689167561765     
          18          36  -33.8649279636172        20.8046529506191     
          18          45  -33.0102366547588        15.1811438039140     
          18          54  -27.5264494209555        10.0322571309016     
          18          63  -18.6227366232378        5.59717300916313     
          18          72  -5.79169537865195        1.77301396038297     
          18          81 -4.236927067279525E-002  3.660594288226891E-002
          18          90 -6.756076800963645E-009  6.593791990440643E-009
          18          99 -5.271441114155210E-019  5.204612016161225E-019
          18         108 -6.588982092357042E-031  6.519717482098133E-031
          18         117 -7.927923077162324E-044  7.842073383554494E-044
          18         126 -2.622939210454171E-057  2.590494746261934E-057
          18         135 -4.373002390342327E-071  4.308455184736587E-071
          18         144 -5.169024360527206E-085  5.076821568027197E-085
          27        -144  4.613470061152998E-087  4.605075781872480E-087
          27        -135  3.229051458707953E-073  3.224608677291992E-073
          27        -126  1.623061062306231E-059  1.621384585794522E-059
          27        -117  4.295462606085783E-046  4.291918478114634E-046
          27        -108  3.463772377447731E-033  3.461171438782382E-033
          27         -99  3.342497016158458E-021  3.339504029301519E-021
          27         -90  8.121217601129805E-011  8.106217861116257E-011
          27         -81  2.900959223617408E-003  2.862308802017325E-003
          27         -72   2.55111571822301        1.54648616923517     
          27         -63   13.5534571000496        6.03211188870699     
          27         -54   22.2309838642757        11.9616336087029     
          27         -45   26.7508169863180        18.3674654220284     
          27         -36   26.8674358855640        26.0007041373736     
          27         -27   18.3095235587163        34.5070890142496     
          27         -18  -8.27199092835096        38.8030209713281     
          27          -9  -39.7541373578843        21.0241928833123     
          27           0 -1.084202172485504E-015   3.24375326075701     
          27           9   39.7541373578843        21.0241928833123     
          27          18   8.27199092835095        38.8030209713281     
          27          27  -18.3095235587163        34.5070890142496     
          27          36  -26.8674358855639        26.0007041373735     
          27          45  -26.7508169863180        18.3674654220284     
          27          54  -22.2309838642757        11.9616336087029     
          27          63  -13.5534571000496        6.03211188870699     
          27          72  -2.55111571822303        1.54648616923516     
          27          81 -2.900959223617387E-003  2.862308802017350E-003
          27          90 -8.121217601129887E-011  8.106217861116090E-011
          27          99 -3.342497016158906E-021  3.339504029301730E-021
          27         108 -3.463772183902814E-033  3.461185692987912E-033
          27         117 -4.295461399794508E-046  4.291920754322422E-046
          27         126 -1.623064513320961E-059  1.621375938993774E-059
          27         135 -3.229039809861756E-073  3.224637111599692E-073
          27         144 -4.613477391561541E-087  4.605056426327510E-087
          36        -144  4.198198804557816E-090  4.197358024992383E-090
          36        -135  2.201304046634570E-076  2.200988167822472E-076
          36        -126  8.393173866058966E-063  8.392418377034823E-063
          36        -117  1.775396618274794E-049  1.775281797579185E-049
          36        -108  1.299735716134388E-036  1.299661845557928E-036
          36         -99  1.494547785096927E-024  1.494459497450294E-024
          36         -90  7.496006626458996E-014  7.495189480474300E-014
          36         -81  1.932970293178910E-005  1.931755732496793E-005
          36         -72  0.516477114945782       0.493909930810119     
          36         -63   7.24460249501521        4.35172975688061     
          36         -54   15.8608237246300        11.1011086537542     
          36         -45   20.1163221327396        17.6997761667913     
          36         -36   19.7244924310653        23.8438101250159     
          36         -27   12.8201557576006        27.9695833218038     
          36         -18  -3.28532652494215        24.1762215149776     
          36          -9  -12.5811800674306        9.79531867295216     
          36           0  5.515878552520004E-016  0.402754022854531     
          36           9   12.5811800674306        9.79531867295216     
          36          18   3.28532652494211        24.1762215149776     
          36          27  -12.8201557576006        27.9695833218038     
          36          36  -19.7244924310653        23.8438101250159     
          36          45  -20.1163221327396        17.6997761667913     
          36          54  -15.8608237246300        11.1011086537542     
          36          63  -7.24460249501519        4.35172975688058     
          36          72 -0.516477114945784       0.493909930810122     
          36          81 -1.932970293178911E-005  1.931755732496804E-005
          36          90 -7.496006626458933E-014  7.495189480474475E-014
          36          99 -1.494547785109279E-024  1.494459497393362E-024
          36         108 -1.299734688613790E-036  1.299663012227069E-036
          36         117 -1.775396657969296E-049  1.775280360110711E-049
          36         126 -8.393198701115129E-063  8.392354724509331E-063
          36         135 -2.201295953170879E-076  2.201002662944163E-076
          36         144 -4.198198806525569E-090  4.197338261739899E-090
          45        -144  4.190838506031319E-094  4.190694135493136E-094
          45        -135  1.492495997954778E-080  1.492468871674466E-080
          45        -126  3.887323164194007E-067  3.887308717035727E-067
          45        -117  5.893384284902834E-054  5.893394818847492E-054
          45        -108  3.514311035278908E-041  3.514288517309526E-041
          45         -99  4.346339420178839E-029  4.346319574813518E-029
          45         -90  4.054693898364419E-018  4.054668705584712E-018
          45         -81  6.065093938884806E-009  6.064966887008091E-009
          45         -72  1.130534084519494E-002  1.129971633359746E-002
          45         -63   2.04397041104951        1.85926334947183     
          45         -54   8.73607391206183        7.43519220944950     
          45         -45   13.7869422673286        14.2905254527128     
          45         -36   14.8501986509684        19.3500105938824     
          45         -27   12.2093494079908        20.7091798849470     
          45         -18   7.11533263892509        14.7125347737663     
          45          -9   1.40645368002223        4.70502572214821     
          45           0  7.006656539687572E-016  0.109914243825937     
          45           9  -1.40645368002225        4.70502572214819     
          45          18  -7.11533263892513        14.7125347737663     
          45          27  -12.2093494079908        20.7091798849470     
          45          36  -14.8501986509684        19.3500105938824     
          45          45  -13.7869422673286        14.2905254527128     
          45          54  -8.73607391206183        7.43519220944946     
          45          63  -2.04397041104950        1.85926334947182     
          45          72 -1.130534084519492E-002  1.129971633359750E-002
          45          81 -6.065093938884817E-009  6.064966887008099E-009
          45          90 -4.054693898364417E-018  4.054668705584741E-018
          45          99 -4.346342359893211E-029  4.346325205637009E-029
          45         108 -3.514307514537941E-041  3.514296602803642E-041
          45         117 -5.893404765246469E-054  5.893334077749645E-054
          45         126 -3.887327639838236E-067  3.887285713277017E-067
          45         135 -1.492495466732265E-080  1.492471624359826E-080
          45         144 -4.190829410766312E-094  4.190716121155162E-094
          54        -144  5.115923944251968E-099  5.115886369132779E-099
          54        -135  1.127156714157145E-085  1.127161429330016E-085
          54        -126  1.805555656237239E-072  1.805548765178643E-072
          54        -117  1.740358671237662E-059  1.740352550689186E-059
          54        -108  7.349482535357154E-047  7.349473059519669E-047
          54         -99  8.205689522584032E-035  8.205632386416777E-035
          54         -90  1.120115186077612E-023  1.120114138608218E-023
          54         -81  6.151927268387500E-014  6.151919873971135E-014
          54         -72  2.813725351717974E-006  2.813710789061506E-006
          54         -63  0.103669566598201       0.103638479808290     
          54         -54   2.60045497591512        2.60359817713136     
          54         -45   7.15106006279787        8.51968440764059     
          54         -36   10.5022777204027        14.4438789274049     
          54         -27   12.6396698241043        17.0021679264120     
          54         -18   16.7458844441195        12.9377900308717     
          54          -9   10.3166225741416        4.40446179154327     
          54           0  3.117081245895825E-016  8.936531257087968E-002
          54           9  -10.3166225741416        4.40446179154328     
          54          18  -16.7458844441195        12.9377900308717     
          54          27  -12.6396698241043        17.0021679264119     
          54          36  -10.5022777204027        14.4438789274049     
          54          45  -7.15106006279789        8.51968440764060     
          54          54  -2.60045497591510        2.60359817713137     
          54          63 -0.103669566598201       0.103638479808291     
          54          72 -2.813725351718005E-006  2.813710789061458E-006
          54          81 -6.151927268387669E-014  6.151919873970836E-014
          54          90 -1.120115186080450E-023  1.120114138605002E-023
          54          99 -8.205659535292356E-035  8.205647509795073E-035
          54         108 -7.349483577083743E-047  7.349471443816939E-047
          54         117 -1.740359308814408E-059  1.740352356295534E-059
          54         126 -1.805558296469670E-072  1.805543646724862E-072
          54         135 -1.127160099329819E-085  1.127155760352715E-085
          54         144 -5.115933628774537E-099  5.115872253369432E-099
          63        -144  8.755349154095369E-105  8.755348207787086E-105
          63        -135  1.098173484531659E-091  1.098170602591405E-091
          63        -126  9.818860444893568E-079  9.818770314129372E-079
          63        -117  5.349090851821418E-066  5.349108761514632E-066
          63        -108  1.376395442070643E-053  1.376390978471207E-053
          63         -99  1.127612744713749E-041  1.127614683416830E-041
          63         -90  1.650468615370317E-030  1.650466703075688E-030
          63         -81  1.928997421683534E-020  1.928996288237611E-020
          63         -72  6.494198885889966E-012  6.494195043667911E-012
          63         -63  1.830896612885952E-005  1.830895550100348E-005
          63         -54  0.102063989071442       0.102094949026508     
          63         -45   1.82731039411359        2.00811929056925     
          63         -36   4.65472966707485        7.25515411837592     
          63         -27   9.55105937370881        13.6329234345768     
          63         -18   22.4872198612616        15.0444528320939     
          63          -9   21.3327412600877        6.82021971727193     
          63           0  1.409462824231156E-016  0.119157703741399     
          63           9  -21.3327412600877        6.82021971727192     
          63          18  -22.4872198612616        15.0444528320938     
          63          27  -9.55105937370882        13.6329234345768     
          63          36  -4.65472966707486        7.25515411837590     
          63          45  -1.82731039411358        2.00811929056924     
          63          54 -0.102063989071442       0.102094949026508     
          63          63 -1.830896612885943E-005  1.830895550100364E-005
          63          72 -6.494198885890045E-012  6.494195043667782E-012
          63          81 -1.928997421683442E-020  1.928996288237450E-020
          63          90 -1.650467761535442E-030  1.650467093057991E-030
          63          99 -1.127613245146525E-041  1.127612714175380E-041
          63         108 -1.376393996096253E-053  1.376393799562235E-053
          63         117 -5.349102778902079E-066  5.349086954547846E-066
          63         126 -9.818858334346673E-079  9.818786686965167E-079
          63         135 -1.098171251462481E-091  1.098176199873004E-091
          63         144 -8.755358551634295E-105  8.755328952845911E-105
          72        -144  2.459869629834816E-111  2.459854839676578E-111
          72        -135  1.641451086973268E-098  1.641454727669904E-098
          72        -126  7.557343710849635E-086  7.557364372647564E-086
          72        -117  2.101302209482127E-073  2.101297376831294E-073
          72        -108  2.869552654285968E-061  2.869552282155751E-061
          72         -99  1.412494922794980E-049  1.412498103258463E-049
          72         -90  1.615523119866315E-038  1.615522232035048E-038
          72         -81  2.396087918212472E-028  2.396084234704671E-028
          72         -72  2.263298933456638E-019  2.263297722524036E-019
          72         -63  6.424057797218365E-012  6.424054886316073E-012
          72         -54  2.782508552910160E-006  2.782519689934815E-006
          72         -45  1.167035993324519E-002  1.167590310101578E-002
          72         -36  0.605856910761645       0.629135737676800     
          72         -27   3.34126250316684        4.50999560916336     
          72         -18   18.7383894732914        13.0570230704527     
          72          -9   36.8496002146867        9.51314291151424     
          72           0  9.324138683375338E-016  0.697305666271668     
          72           9  -36.8496002146867        9.51314291151424     
          72          18  -18.7383894732914        13.0570230704527     
          72          27  -3.34126250316684        4.50999560916336     
          72          36 -0.605856910761636       0.629135737676798     
          72          45 -1.167035993324537E-002  1.167590310101559E-002
          72          54 -2.782508552910176E-006  2.782519689934793E-006
          72          63 -6.424057797218286E-012  6.424054886316115E-012
          72          72 -2.263298933456702E-019  2.263297722523997E-019
          72          81 -2.396085447308266E-028  2.396084484229894E-028
          72          90 -1.615524890291882E-038  1.615521407641821E-038
          72          99 -1.412493977920382E-049  1.412497668844866E-049
          72         108 -2.869557899975641E-061  2.869548934141793E-061
          72         117 -2.101296225470035E-073  2.101300691046949E-073
          72         126 -7.557373573546904E-086  7.557307800248771E-086
          72         135 -1.641454976622799E-098  1.641446338652705E-098
          72         144 -2.459864570735816E-111  2.459864470915530E-111
          81        -144  1.345016174933968E-118  1.345020861728446E-118
          81        -135  4.546069417597398E-106  4.546012929216735E-106
          81        -126  1.016230770503651E-093  1.016234739358009E-093
          81        -117  1.336169759886544E-081  1.336157866209902E-081
          81        -108  8.694661604369225E-070  8.694654892742738E-070
          81         -99  2.184514520197957E-058  2.184511948989530E-058
          81         -90  1.506712872245604E-047  1.506700812797302E-047
          81         -81  1.840388712464554E-037  1.840390494587773E-037
          81         -72  2.376080917226013E-028  2.376079446301937E-028
          81         -63  1.908391724752079E-020  1.908390745989985E-020
          81         -54  6.230699574438844E-014  6.230700174562222E-014
          81         -45  6.819823474461182E-009  6.819944610300474E-009
          81         -36  3.338376901654885E-005  3.339739506534834E-005
          81         -27  3.309414495512206E-002  3.316064728062306E-002
          81         -18   6.98889258615120        6.54377715163830     
          81          -9   40.5379666949789        18.1487366072455     
          81           0 -2.484991379336776E-014   23.2761734246253     
          81           9  -40.5379666949790        18.1487366072455     
          81          18  -6.98889258615119        6.54377715163830     
          81          27 -3.309414495512208E-002  3.316064728062305E-002
          81          36 -3.338376901654888E-005  3.339739506534825E-005
          81          45 -6.819823474461117E-009  6.819944610300558E-009
          81          54 -6.230699574439104E-014  6.230700174562071E-014
          81          63 -1.908391724752118E-020  1.908390745990043E-020
          81          72 -2.376080449647907E-028  2.376079167718562E-028
          81          81 -1.840391144706036E-037  1.840390013410536E-037
          81          90 -1.506701952004207E-047  1.506705777661934E-047
          81          99 -2.184507641357460E-058  2.184521203902728E-058
          81         108 -8.694648664903971E-070  8.694656699995713E-070
          81         117 -1.336162074826462E-081  1.336169645493534E-081
          81         126 -1.016232790694568E-093  1.016231326613418E-093
          81         135 -4.546036464475976E-106  4.546058189530113E-106
          81         144 -1.345018521223268E-118  1.345014097953961E-118
          90        -144  1.700390681015206E-126  1.700400002216528E-126
          90        -135  2.825046494295945E-114  2.825055080715041E-114
          90        -126  2.960359668173204E-102  2.960375779020188E-102
          90        -117  1.756923200121157E-090  1.756912792684362E-090
          90        -108  5.083314197036147E-079  5.083349919233284E-079
          90         -99  5.834189557047904E-068  5.834197240747304E-068
          90         -90  2.019936108708304E-057  2.019933155829250E-057
          90         -81  1.496590890895282E-047  1.496596212808873E-047
          90         -72  1.599351323708516E-038  1.599358169164284E-038
          90         -63  1.652448964532505E-030  1.652445400035865E-030
          90         -54  1.185086031611531E-023  1.185085727615913E-023
          90         -45  5.327205673507388E-018  5.327227032745596E-018
          90         -36  3.571048583200199E-013  3.571154533979011E-013
          90         -27  1.366374087234517E-007  1.366381104535120E-007
          90         -18  0.255683793154809       0.255683915706931     
          90          -9   17.7082585061183        18.2136218554190     
          90           0 -2.565256221418594E-014   35.9158761526996     
          90           9  -17.7082585061183        18.2136218554190     
          90          18 -0.255683793154808       0.255683915706932     
          90          27 -1.366374087234515E-007  1.366381104535118E-007
          90          36 -3.571048583200198E-013  3.571154533979014E-013
          90          45 -5.327205673507582E-018  5.327227032745520E-018
          90          54 -1.185086031582516E-023  1.185085727571478E-023
          90          63 -1.652439956117626E-030  1.652452551654014E-030
          90          72 -1.599363664610104E-038  1.599349900186183E-038
          90          81 -1.496596508186131E-047  1.496590694581711E-047
          90          90 -2.019942207918693E-057  2.019929889895626E-057
          90          99 -5.834216492385859E-068  5.834163955785998E-068
          90         108 -5.083333976237858E-079  5.083330792247457E-079
          90         117 -1.756916742851788E-090  1.756920840163858E-090
          90         126 -2.960374556022091E-102  2.960350258408118E-102
          90         135 -2.825050171780954E-114  2.825050069484114E-114
          90         144 -1.700390575724397E-126  1.700400149595063E-126
          99        -144  5.867750861069628E-135  5.867697261813133E-135
          99        -135  4.732139693201137E-123  4.732136420417964E-123
          99        -126  2.293334657426398E-111  2.293328257242769E-111
          99        -117  6.030198942614823E-100  6.030218909170997E-100
          99        -108  7.515084668890918E-089  7.515090832956163E-089
          99         -99  3.715699380349061E-078  3.715679990191561E-078
          99         -90  5.801759232935453E-068  5.801759017134233E-068
          99         -81  2.164640734043628E-058  2.164652336431746E-058
          99         -72  1.406590803111035E-049  1.406586085999417E-049
          99         -63  1.156101311021166E-041  1.156098331647920E-041
          99         -54  9.334949537064981E-035  9.334862133125279E-035
          99         -45  8.293095888244371E-029  8.293107252720749E-029
          99         -36  8.444429893240153E-023  8.444446176037403E-023
          99         -27  2.015688367802859E-015  2.015688365988834E-015
          99         -18  6.262380812547816E-008  6.262380796709882E-008
          99          -9  3.000634800847572E-003  3.000759900353752E-003
          99           0  2.134523026930090E-017  6.001394553095587E-003
          99           9 -3.000634800847578E-003  3.000759900353738E-003
          99          18 -6.262380812547820E-008  6.262380796709921E-008
          99          27 -2.015688367802854E-015  2.015688365988843E-015
          99          36 -8.444429893122012E-023  8.444446175971016E-023
          99          45 -8.293090169013821E-029  8.293105802871986E-029
          99          54 -9.334862115893125E-035  9.334866528414304E-035
          99          63 -1.156108020078302E-041  1.156096182481775E-041
          99          72 -1.406589238270029E-049  1.406589856353459E-049
          99          81 -2.164645886150236E-058  2.164648020710466E-058
          99          90 -5.801742260264455E-068  5.801776248361855E-068
          99          99 -3.715702922775818E-078  3.715680292317021E-078
          99         108 -7.515074269537006E-089  7.515105614350188E-089
          99         117 -6.030211560484487E-100  6.030202703866219E-100
          99         126 -2.293327879117828E-111  2.293334017793911E-111
          99         135 -4.732149945373586E-123  4.732123191673942E-123
          99         144 -5.867745601373145E-135  5.867711221252564E-135
         108        -144  6.444899473782761E-144  6.444875318047886E-144
         108        -135  2.526838316077292E-132  2.526839052080142E-132
         108        -126  5.685406984800559E-121  5.685407411909324E-121
         108        -117  6.649538632641498E-110  6.649511178138252E-110
         108        -108  3.565650607557291E-099  3.565654435026528E-099
         108         -99  7.479657129585149E-089  7.479591000237251E-089
         108         -90  5.041774796544386E-079  5.041780668254366E-079
         108         -81  8.638728498088110E-070  8.638751787312444E-070
         108         -72  2.896656519980053E-061  2.896644746661484E-061
         108         -63  1.466369473309940E-053  1.466371730873968E-053
         108         -54  9.606927287226509E-047  9.606911638963239E-047
         108         -45  1.921754680299844E-040  1.921761707138931E-040
         108         -36  2.155573266484641E-033  2.155569739794898E-033
         108         -27  1.618332161648282E-025  1.618332039350940E-025
         108         -18  1.073967387345754E-018  1.073967618937668E-018
         108          -9  1.416757625320023E-014  1.416972321329947E-014
         108           0 -1.507463689137670E-027  2.833729849168476E-014
         108           9 -1.416757625320032E-014  1.416972321329950E-014
         108          18 -1.073967387345762E-018  1.073967618937668E-018
         108          27 -1.618332160102924E-025  1.618332042457568E-025
         108          36 -2.155582620107116E-033  2.155571389608014E-033
         108          45 -1.921754459107822E-040  1.921758219001675E-040
         108          54 -9.606897050818795E-047  9.606927582660805E-047
         108          63 -1.466372589347384E-053  1.466372424509929E-053
         108          72 -2.896652299307930E-061  2.896649087063463E-061
         108          81 -8.638777014513882E-070  8.638710749674826E-070
         108          90 -5.041776679554440E-079  5.041771418631436E-079
         108          99 -7.479638765726453E-089  7.479610878628102E-089
         108         108 -3.565646199077763E-099  3.565658225127067E-099
         108         117 -6.649532497485929E-110  6.649513840665824E-110
         108         126 -5.685401566694200E-121  5.685408121926712E-121
         108         135 -2.526841477807098E-132  2.526834485606846E-132
         108         144 -6.444860904837948E-144  6.444929970729030E-144
         117        -144  2.586476609975965E-153  2.586475077446605E-153
         117        -135  4.989369221235926E-142  4.989317061057409E-142
         117        -126  5.298418145705417E-131  5.298410341595318E-131
         117        -117  2.811898696506997E-120  2.811898593527751E-120
         117        -108  6.622364153299141E-110  6.622320602418303E-110
         117         -99  5.985890082408196E-100  5.985933778114832E-100
         117         -90  1.744226116346137E-090  1.744228636675883E-090
         117         -81  1.338303702525688E-081  1.338295867173331E-081
         117         -72  2.169246272268944E-073  2.169233605206585E-073
         117         -63  6.074670795366815E-066  6.074696532586892E-066
         117         -54  3.220374259145595E-059  3.220369625862854E-059
         117         -45  2.202858428837426E-052  2.202853389399743E-052
         117         -36  9.871127234383218E-045  9.871154579989389E-045
         117         -27  4.030918405514975E-037  4.030874590039149E-037
         117         -18  5.076898218468109E-031  5.076897162649163E-031
         117          -9  1.628094205556351E-027  1.629109552112325E-027
         117           0  1.969331075721316E-034  3.257203699822394E-027
         117           9 -1.628094415647063E-027  1.629109526425456E-027
         117          18 -5.076890516514594E-031  5.076898052977551E-031
         117          27 -4.030876046856447E-037  4.030891583640739E-037
         117          36 -9.871190461606975E-045  9.871130625882494E-045
         117          45 -2.202853718306091E-052  2.202855515225426E-052
         117          54 -3.220362158790028E-059  3.220378930255656E-059
         117          63 -6.074691537733717E-066  6.074687697714135E-066
         117          72 -2.169234039505395E-073  2.169240427482014E-073
         117          81 -1.338296060684623E-081  1.338298744183640E-081
         117          90 -1.744220769544871E-090  1.744229240229128E-090
         117          99 -5.985928875074717E-100  5.985897038414632E-100
         117         108 -6.622344381902487E-110  6.622334271340280E-110
         117         117 -2.811892848256673E-120  2.811901483766932E-120
         117         126 -5.298425872807463E-131  5.298396210834612E-131
         117         135 -4.989336414648115E-142  4.989349776839659E-142
         117         144 -2.586479963705960E-153  2.586471496469717E-153
         126        -144  4.282335138177446E-163  4.282341001524127E-163
         126        -135  4.142621829875081E-152  4.142643252801008E-152
         126        -126  2.127950406688087E-141  2.127942021577077E-141
         126        -117  5.279351904131164E-131  5.279343705372471E-131
         126        -108  5.647708395716560E-121  5.647719741546505E-121
         126         -99  2.276454357777255E-111  2.276459992268167E-111
         126         -90  2.953281068312707E-102  2.953219180001647E-102
         126         -81  1.032186120803024E-093  1.032190719459874E-093
         126         -72  8.080375202425642E-086  8.080397370036241E-086
         126         -63  1.265520842359789E-078  1.265524722836283E-078
         126         -54  8.083948571924833E-072  8.083910209900186E-072
         126         -45  1.533912828836296E-064  1.533919051874406E-064
         126         -36  1.011238402723064E-056  1.011240943049932E-056
         126         -27  1.334797775846359E-049  1.334801329491092E-049
         126         -18  4.099884627229153E-044  4.099892158225155E-044
         126          -9  4.731393143321396E-041  4.739588234989631E-041
         126           0 -1.826197022445384E-046  9.470975683064922E-041
         126           9 -4.731413285368667E-041  4.739587212486788E-041
         126          18 -4.099859086838908E-044  4.099898949265310E-044
         126          27 -1.334803915438941E-049  1.334798400555526E-049
         126          36 -1.011237420862622E-056  1.011242321924102E-056
         126          45 -1.533914653114672E-064  1.533915540210443E-064
         126          54 -8.083928793733578E-072  8.083910730467939E-072
         126          63 -1.265524971946444E-078  1.265522666964229E-078
         126          72 -8.080402084225557E-086  8.080373591515452E-086
         126          81 -1.032196992603085E-093  1.032183131346993E-093
         126          90 -2.953247006828840E-102  2.953236443424318E-102
         126          99 -2.276458225334933E-111  2.276455385631609E-111
         126         108 -5.647691980210366E-121  5.647731440024992E-121
         126         117 -5.279350464706623E-131  5.279338492506171E-131
         126         126 -2.127942436181664E-141  2.127947027226976E-141
         126         135 -4.142637942673478E-152  4.142626217300638E-152
         126         144 -4.282332666415760E-163  4.282345283581830E-163
         135        -144  3.250536779059199E-173  3.250523481952136E-173
         135        -135  1.614315689261798E-162  1.614317467929324E-162
         135        -126  4.129336640393057E-152  4.129337193608079E-152
         135        -117  4.959298556508332E-142  4.959334209160108E-142
         135        -108  2.508657952698941E-132  2.508656999719282E-132
         135         -99  4.710955718155877E-123  4.710924675080647E-123
         135         -90  2.843977616912772E-114  2.844007388361917E-114
         135         -81  4.717979937053928E-106  4.718032339415489E-106
         135         -72  1.862132244382072E-098  1.862119776972211E-098
         135         -63  1.928658811300203E-091  1.928648137309651E-091
         135         -54  2.216254624956538E-084  2.216247186355642E-084
         135         -45  7.894403803624956E-077  7.894448921832134E-077
         135         -36  3.374362419045102E-069  3.374338606243154E-069
         135         -27  1.379853030209054E-062  1.379845904883541E-062
         135         -18  1.291370496478802E-057  1.291397664924105E-057
         135          -9  6.764349734289140E-055  6.790147925996109E-055
         135           0  1.430335678836516E-060  1.355447490352326E-054
         135           9 -6.764324997137101E-055  6.790154667740554E-055
         135          18 -1.291368192575171E-057  1.291398953341615E-057
         135          27 -1.379847002836755E-062  1.379847281968182E-062
         135          36 -3.374352544189302E-069  3.374341744379894E-069
         135          45 -7.894399413900571E-077  7.894442591171706E-077
         135          54 -2.216248277432078E-084  2.216252104709633E-084
         135          63 -1.928651367233248E-091  1.928652392407386E-091
         135          72 -1.862120740741438E-098  1.862124848333967E-098
         135          81 -4.718004969043491E-106  4.718003015774196E-106
         135          90 -2.843975451323509E-114  2.844008157127857E-114
         135          99 -4.710981605853996E-123  4.710908572429884E-123
         135         108 -2.508652055109214E-132  2.508660683606552E-132
         135         117 -4.959302212437269E-142  4.959324137317346E-142
         135         126 -4.129339227217190E-152  4.129335608532604E-152
         135         135 -1.614317524402240E-162  1.614315203727497E-162
         135         144 -3.250536591309915E-173  3.250522728262955E-173
         144        -144  1.238932087428318E-183  1.238921841714233E-183
         144        -135  3.241118716112180E-173  3.241131234120881E-173
         144        -126  4.258784155363023E-163  4.258808758910414E-163
         144        -117  2.568627913359881E-153  2.568604644280177E-153
         144        -108  6.409163527275055E-144  6.409203330036557E-144
         144         -99  5.877019821343906E-135  5.877009513650842E-135
         144         -90  1.736205623900949E-126  1.736203104943387E-126
         144         -81  1.443311053423644E-118  1.443304669885114E-118
         144         -72  3.141324518018777E-111  3.141357530988724E-111
         144         -63  3.145555756417435E-104  3.145561826971311E-104
         144         -54  6.127022131993930E-097  6.127024408529492E-097
         144         -45  2.802160946182290E-089  2.802165791905490E-089
         144         -36  5.241660149428327E-082  5.241636922245949E-082
         144         -27  7.190824493019311E-076  7.190891154649391E-076
         144         -18  2.457277827036463E-071  2.457431611058967E-071
         144          -9  6.819788921020534E-069  6.868949104666812E-069
         144           0  5.483336466211257E-074  1.368874908749324E-068
         144           9 -6.819797935235865E-069  6.868947135309069E-069
         144          18 -2.457286072535674E-071  2.457427454881978E-071
         144          27 -7.190835738499263E-076  7.190887009382815E-076
         144          36 -5.241652266717749E-082  5.241639268425709E-082
         144          45 -2.802175403629643E-089  2.802159075665605E-089
         144          54 -6.127018334020658E-097  6.127029334352030E-097
         144          63 -3.145560243695354E-104  3.145554833005666E-104
         144          72 -3.141335875556715E-111  3.141348684119868E-111
         144          81 -1.443311040096119E-118  1.443304563131531E-118
         144          90 -1.736213928388471E-126  1.736199984981479E-126
         144          99 -5.876974650417198E-135  5.877042930719032E-135
         144         108 -6.409204096309052E-144  6.409170301298347E-144
         144         117 -2.568620914044145E-153  2.568610305521278E-153
         144         126 -4.258807133032303E-163  4.258790489312340E-163
         144         135 -3.241134843788342E-173  3.241115239476972E-173
         144         144 -1.238919851630647E-183  1.238933522785978E-183
