        -144        -144  4.621878609301772E-192 -4.621870097118626E-192
        -144        -135  6.252377059166318E-180 -6.252385602682386E-180
        -144        -126  3.885492082394459E-168 -3.885496430573599E-168
        -144        -117  9.928834915575659E-157 -9.928855142796714E-157
        -144        -108  9.159134218001815E-146 -9.159113470282160E-146
        -144         -99  2.621041738431166E-135 -2.621043061971487E-135
        -144         -90  1.956118563742821E-125 -1.956118956682930E-125
        -144         -81  3.138261414414691E-116 -3.138258877008281E-116
        -144         -72  8.801496825157337E-108 -8.801491694975552E-108
        -144         -63  3.499156278414294E-100 -3.499150238097291E-100
        -144         -54  1.616946817785219E-093 -1.616949381308156E-093
        -144         -45  7.301164072748254E-088 -7.301199694615111E-088
        -144         -36  2.803806793160993E-083 -2.803954757386943E-083
        -144         -27  8.275110373029669E-080 -8.280717920037590E-080
        -144         -18  1.749666604907154E-077 -1.766224298744774E-077
        -144          -9  2.408334983921526E-076 -2.759920584891573E-076
        -144           0 -9.428786093487190E-082 -5.168252680313062E-076
        -144           9 -2.408331968846226E-076 -2.759921321066001E-076
        -144          18 -1.749667442281656E-077 -1.766223787420649E-077
        -144          27 -8.275102321388013E-080 -8.280719562149344E-080
        -144          36 -2.803814158479845E-083 -2.803953150506590E-083
        -144          45 -7.301173451525720E-088 -7.301197473702858E-088
        -144          54 -1.616947517302396E-093 -1.616949375482393E-093
        -144          63 -3.499155516880714E-100 -3.499151591352916E-100
        -144          72 -8.801475139690212E-108 -8.801502881117881E-108
        -144          81 -3.138256834602976E-116 -3.138261566765689E-116
        -144          90 -1.956117436646745E-125 -1.956119596856841E-125
        -144          99 -2.621040456985650E-135 -2.621043152067924E-135
        -144         108 -9.159130141745983E-146 -9.159117617334119E-146
        -144         117 -9.928859862068716E-157 -9.928836007007038E-157
        -144         126 -3.885491522725647E-168 -3.885496726693863E-168
        -144         135 -6.252374474074808E-180 -6.252388020233704E-180
        -144         144 -4.621872831890281E-192 -4.621874567259016E-192
        -135        -144  6.252379283488288E-180 -6.252379477231371E-180
        -135        -135  1.737011438776178E-167 -1.737012947198863E-167
        -135        -126  2.285306879787946E-155 -2.285309251552043E-155
        -135        -117  1.270674932102444E-143 -1.270677127101532E-143
        -135        -108  2.605688179067929E-132 -2.605688389044603E-132
        -135         -99  1.676524636209428E-121 -1.676527052737159E-121
        -135         -90  2.803175034435807E-111 -2.803174480277496E-111
        -135         -81  9.840805301453582E-102 -9.840815597275782E-102
        -135         -72  5.760533863672751E-093 -5.760538539171099E-093
        -135         -63  4.449816820148743E-085 -4.449812037793738E-085
        -135         -54  3.643464530415855E-078 -3.643466476686583E-078
        -135         -45  2.624527901103844E-072 -2.624524051838584E-072
        -135         -36  1.442889878892384E-067 -1.442944923277127E-067
        -135         -27  5.498959364530289E-064 -5.501850816327478E-064
        -135         -18  1.367957567551134E-061 -1.378959933407187E-061
        -135          -9  2.045396417042423E-060 -2.320090448419907E-060
        -135           0 -2.613821273594934E-066 -4.365489369685199E-060
        -135           9 -2.045394782946258E-060 -2.320090765567256E-060
        -135          18 -1.367959909364572E-061 -1.378959323010584E-061
        -135          27 -5.498968852944561E-064 -5.501848418055072E-064
        -135          36 -1.442893815997446E-067 -1.442943826150693E-067
        -135          45 -2.624520566697635E-072 -2.624526996026270E-072
        -135          54 -3.643465279813103E-078 -3.643464694596578E-078
        -135          63 -4.449812598636728E-085 -4.449813549923573E-085
        -135          72 -5.760535667229481E-093 -5.760537980500764E-093
        -135          81 -9.840821022632140E-102 -9.840807136069869E-102
        -135          90 -2.803176900878000E-111 -2.803173689773695E-111
        -135          99 -1.676522534817280E-121 -1.676528350788753E-121
        -135         108 -2.605684724621779E-132 -2.605690143458226E-132
        -135         117 -1.270675592353780E-143 -1.270676679972071E-143
        -135         126 -2.285307872713567E-155 -2.285308251324706E-155
        -135         135 -1.737012247137912E-167 -1.737012019424195E-167
        -135         144 -6.252375381549214E-180 -6.252382722280805E-180
        -126        -144  3.885487513669802E-168 -3.885494371999489E-168
        -126        -135  2.285306605655916E-155 -2.285307594207411E-155
        -126        -126  6.602980373743190E-143 -6.602995025667042E-143
        -126        -117  8.339096636716901E-131 -8.339098381473745E-131
        -126        -108  3.989959672581430E-119 -3.989955903561188E-119
        -126         -99  6.077650657977886E-108 -6.077665265130671E-108
        -126         -90  2.394685681706530E-097 -2.394685331140632E-097
        -126         -81  1.920991288071169E-087 -1.920993504212590E-087
        -126         -72  2.415190122510377E-078 -2.415191274157605E-078
        -126         -63  3.651122366324243E-070 -3.651118765397923E-070
        -126         -54  5.203530623010007E-063 -5.203533893682019E-063
        -126         -45  5.739008889598907E-057 -5.739020409800696E-057
        -126         -36  4.268235054178391E-052 -4.268350641143570E-052
        -126         -27  1.977787744802180E-048 -1.978644028423307E-048
        -126         -18  5.504469685076436E-046 -5.544018766175390E-046
        -126          -9  8.673261787478307E-045 -9.778115163690558E-045
        -126           0  4.048505274300247E-051 -1.845138239699824E-044
        -126           9 -8.673272095564515E-045 -9.778114599320048E-045
        -126          18 -5.504453672515553E-046 -5.544019229467028E-046
        -126          27 -1.977788750537692E-048 -1.978643182288456E-048
        -126          36 -4.268232087696916E-052 -4.268352471905786E-052
        -126          45 -5.739007409463511E-057 -5.739021689699637E-057
        -126          54 -5.203538518875490E-063 -5.203534132921490E-063
        -126          63 -3.651118295116753E-070 -3.651119202537744E-070
        -126          72 -2.415188207905754E-078 -2.415192204077951E-078
        -126          81 -1.920991842547556E-087 -1.920993522704722E-087
        -126          90 -2.394684433494612E-097 -2.394685793758529E-097
        -126          99 -6.077655560811009E-108 -6.077660328086862E-108
        -126         108 -3.989958923279456E-119 -3.989957193235850E-119
        -126         117 -8.339091417395379E-131 -8.339100641300943E-131
        -126         126 -6.602980534306032E-143 -6.602994712023404E-143
        -126         135 -2.285305326695159E-155 -2.285308985483273E-155
        -126         144 -3.885489786817221E-168 -3.885491296539078E-168
        -117        -144  9.928837578726412E-157 -9.928823509410273E-157
        -117        -135  1.270675835035372E-143 -1.270673918322168E-143
        -117        -126  8.339079423700402E-131 -8.339106765892004E-131
        -117        -117  2.488903691993996E-118 -2.488906040593387E-118
        -117        -108  2.902835563362381E-106 -2.902826683060607E-106
        -117         -99  1.093556923818864E-094 -1.093556673309774E-094
        -117         -90  1.053004490326212E-083 -1.053004849491591E-083
        -117         -81  1.966987749315875E-073 -1.966983984907719E-073
        -117         -72  5.255877979595843E-064 -5.255865716076055E-064
        -117         -63  1.478623435985576E-055 -1.478624970021147E-055
        -117         -54  3.337304165954830E-048 -3.337302207374454E-048
        -117         -45  4.932056710342527E-042 -4.932075170674398E-042
        -117         -36  4.245279808536545E-037 -4.245379700399157E-037
        -117         -27  2.050179335496090E-033 -2.051028561102801E-033
        -117         -18  5.636957060026551E-031 -5.677970803732897E-031
        -117          -9  8.697190794091762E-030 -9.828681861930700E-030
        -117           0 -3.299925984898530E-036 -1.852587071304839E-029
        -117           9 -8.697187337351729E-030 -9.828681748060216E-030
        -117          18 -5.636957158142255E-031 -5.677970246461806E-031
        -117          27 -2.050179096779322E-033 -2.051028582526649E-033
        -117          36 -4.245276210963477E-037 -4.245385835511496E-037
        -117          45 -4.932059022015296E-042 -4.932074522857341E-042
        -117          54 -3.337306422828225E-048 -3.337302119116092E-048
        -117          63 -1.478623127751144E-055 -1.478625578664503E-055
        -117          72 -5.255872984941139E-064 -5.255866659612614E-064
        -117          81 -1.966985841153102E-073 -1.966985292669228E-073
        -117          90 -1.053005073790185E-083 -1.053004833891085E-083
        -117          99 -1.093556889839763E-094 -1.093556646705112E-094
        -117         108 -2.902827518855322E-106 -2.902832863575127E-106
        -117         117 -2.488909036899487E-118 -2.488900644241410E-118
        -117         126 -8.339093452961802E-131 -8.339089434757929E-131
        -117         135 -1.270674797873925E-143 -1.270675290048562E-143
        -117         144 -9.928823111136943E-157 -9.928843835127880E-157
        -108        -144  9.159096271991743E-146 -9.159111749682907E-146
        -108        -135  2.605681879731153E-132 -2.605685705867695E-132
        -108        -126  3.989951695434579E-119 -3.989954015515501E-119
        -108        -117  2.902827460914187E-106 -2.902830243522065E-106
        -108        -108  8.514873499216936E-094 -8.514902758159162E-094
        -108         -99  8.125635934947414E-082 -8.125632815799954E-082
        -108         -90  1.920379902863604E-070 -1.920377754042662E-070
        -108         -81  8.084117228208361E-060 -8.084118830235299E-060
        -108         -72  4.196485931589655E-050 -4.196480909054705E-050
        -108         -63  1.863341817214068E-041 -1.863342272487333E-041
        -108         -54  5.200421615532979E-034 -5.200422927766800E-034
        -108         -45  7.467802238963291E-028 -7.467813437481640E-028
        -108         -36  5.162567428429988E-023 -5.162717658760288E-023
        -108         -27  1.814435819369891E-019 -1.815468644862297E-019
        -108         -18  3.679483871510168E-017 -3.715783525433354E-017
        -108          -9  4.669771650641580E-016 -5.409299211332439E-016
        -108           0  5.431119143246020E-030 -1.007907162233938E-015
        -108           9 -4.669771650641561E-016 -5.409299211332479E-016
        -108          18 -3.679483871510259E-017 -3.715783525433327E-017
        -108          27 -1.814435819369870E-019 -1.815468644862310E-019
        -108          36 -5.162567428455140E-023 -5.162717658772337E-023
        -108          45 -7.467802759962139E-028 -7.467813391674425E-028
        -108          54 -5.200421616934735E-034 -5.200422924919983E-034
        -108          63 -1.863341831173981E-041 -1.863342237303668E-041
        -108          72 -4.196483169400301E-050 -4.196482505620514E-050
        -108          81 -8.084102932600419E-060 -8.084131266466293E-060
        -108          90 -1.920380540413569E-070 -1.920377521155388E-070
        -108          99 -8.125633648995956E-082 -8.125633728395292E-082
        -108         108 -8.514881763033154E-094 -8.514892122878363E-094
        -108         117 -2.902827716181401E-106 -2.902829551828565E-106
        -108         126 -3.989950857613463E-119 -3.989955587433900E-119
        -108         135 -2.605685380853940E-132 -2.605680887728694E-132
        -108         144 -9.159096556705025E-146 -9.159116930457013E-146
         -99        -144  2.621037426194921E-135 -2.621031171983595E-135
         -99        -135  1.676522862754964E-121 -1.676520706578887E-121
         -99        -126  6.077644433940635E-108 -6.077651504130248E-108
         -99        -117  1.093556569507381E-094 -1.093554427002301E-094
         -99        -108  8.125625324114262E-082 -8.125634041382594E-082
         -99         -99  1.938281930019719E-069 -1.938283664063905E-069
         -99         -90  1.064115024625723E-057 -1.064113560431118E-057
         -99         -81  8.893391314571190E-047 -8.893394111956988E-047
         -99         -72  7.087826535916643E-037 -7.087828298679350E-037
         -99         -63  3.392655254713498E-028 -3.392655816999086E-028
         -99         -54  6.731308418589044E-021 -6.731310178321088E-021
         -99         -45  4.556199321391659E-015 -4.556213516270921E-015
         -99         -36  1.078776154596321E-010 -1.078867445297495E-010
         -99         -27  1.137264858801001E-007 -1.139422681062298E-007
         -99         -18  7.880737422164235E-006 -8.108407428411195E-006
         -99          -9  4.985987407938943E-005 -6.584902811007621E-005
         -99           0 -1.270549420827139E-019 -1.157089101351651E-004
         -99           9 -4.985987407939151E-005 -6.584902811007552E-005
         -99          18 -7.880737422164130E-006 -8.108407428411270E-006
         -99          27 -1.137264858800998E-007 -1.139422681062287E-007
         -99          36 -1.078776154596309E-010 -1.078867445297498E-010
         -99          45 -4.556199321391486E-015 -4.556213516270967E-015
         -99          54 -6.731308418589335E-021 -6.731310178321094E-021
         -99          63 -3.392655264364563E-028 -3.392656136250616E-028
         -99          72 -7.087825623362970E-037 -7.087831010718001E-037
         -99          81 -8.893392217823716E-047 -8.893393907051338E-047
         -99          90 -1.064113586076183E-057 -1.064114768123418E-057
         -99          99 -1.938284055661347E-069 -1.938282039682144E-069
         -99         108 -8.125631229541185E-082 -8.125625457266448E-082
         -99         117 -1.093555917997111E-094 -1.093554843088468E-094
         -99         126 -6.077646258072881E-108 -6.077648665746807E-108
         -99         135 -1.676519843986437E-121 -1.676525792734240E-121
         -99         144 -2.621034091204684E-135 -2.621036265460452E-135
         -90        -144  1.956112723446573E-125 -1.956110814615443E-125
         -90        -135  2.803165184754925E-111 -2.803168470457782E-111
         -90        -126  2.394680067008881E-097 -2.394678457128802E-097
         -90        -117  1.053002130659629E-083 -1.053003206120439E-083
         -90        -108  1.920374092770644E-070 -1.920377848580159E-070
         -90         -99  1.064113163692338E-057 -1.064113442073307E-057
         -90         -90  1.167166738507497E-045 -1.167165490485852E-045
         -90         -81  1.460146645142154E-034 -1.460146920021989E-034
         -90         -72  1.093658146355698E-024 -1.093658342398502E-024
         -90         -63  2.548116895722865E-016 -2.548117327735161E-016
         -90         -54  1.071630556989935E-009 -1.071631239826889E-009
         -90         -45  5.919774074150810E-005 -5.919989366831338E-005
         -90         -36  4.270670047517205E-002 -4.282510632614282E-002
         -90         -27  0.765994414059967      -0.851526225062412     
         -90         -18   1.60433777844941       -3.22184338170232     
         -90          -9   1.16269810264126       -5.98876520768246     
         -90           0 -8.686322874092850E-017  -7.15136428707690     
         -90           9  -1.16269810264127       -5.98876520768244     
         -90          18  -1.60433777844940       -3.22184338170230     
         -90          27 -0.765994414059968      -0.851526225062410     
         -90          36 -4.270670047517202E-002 -4.282510632614295E-002
         -90          45 -5.919774074150803E-005 -5.919989366831338E-005
         -90          54 -1.071630556989927E-009 -1.071631239826894E-009
         -90          63 -2.548116895722851E-016 -2.548117327735172E-016
         -90          72 -1.093658146355181E-024 -1.093658342399436E-024
         -90          81 -1.460146857666190E-034 -1.460147110043892E-034
         -90          90 -1.167166869955341E-045 -1.167166139272743E-045
         -90          99 -1.064114084413519E-057 -1.064112893185633E-057
         -90         108 -1.920373975518620E-070 -1.920379082797994E-070
         -90         117 -1.053002056130363E-083 -1.053003710521160E-083
         -90         126 -2.394677856257154E-097 -2.394680972675544E-097
         -90         135 -2.803168958638213E-111 -2.803161829857134E-111
         -90         144 -1.956112048504918E-125 -1.956113056126448E-125
         -81        -144  3.138246611181258E-116 -3.138246034910221E-116
         -81        -135  9.840768379892839E-102 -9.840779765546026E-102
         -81        -126  1.920986038053604E-087 -1.920985955601053E-087
         -81        -117  1.966981601740356E-073 -1.966976360304816E-073
         -81        -108  8.084098768143896E-060 -8.084095806607931E-060
         -81         -99  8.893382356743622E-047 -8.893371579259933E-047
         -81         -90  1.460145904753506E-034 -1.460145447112872E-034
         -81         -81  1.619171490677582E-023 -1.619171804900767E-023
         -81         -72  4.487430802416779E-014 -4.487431574012089E-014
         -81         -63  9.776089765757473E-007 -9.776092373125989E-007
         -81         -54  4.341044150426829E-002 -4.341240395224370E-002
         -81         -45   2.36355525011259       -2.45026077310062     
         -81         -36   5.97186742421422       -10.7001579225806     
         -81         -27   7.09346772941746       -22.1481044721482     
         -81         -18   6.38047677361457       -30.8814161782779     
         -81          -9   3.62887565034240       -35.3568238844270     
         -81           0  1.363926332986765E-014  -36.6604072049486     
         -81           9  -3.62887565034242       -35.3568238844270     
         -81          18  -6.38047677361454       -30.8814161782779     
         -81          27  -7.09346772941743       -22.1481044721482     
         -81          36  -5.97186742421420       -10.7001579225806     
         -81          45  -2.36355525011259       -2.45026077310062     
         -81          54 -4.341044150426832E-002 -4.341240395224361E-002
         -81          63 -9.776089765757352E-007 -9.776092373126127E-007
         -81          72 -4.487430802416804E-014 -4.487431574012030E-014
         -81          81 -1.619171490653940E-023 -1.619171804924979E-023
         -81          90 -1.460145420394432E-034 -1.460147495071262E-034
         -81          99 -8.893375834492240E-047 -8.893377888835766E-047
         -81         108 -8.084094338379109E-060 -8.084106639363010E-060
         -81         117 -1.966979506138920E-073 -1.966978508570599E-073
         -81         126 -1.920985885638197E-087 -1.920986399149633E-087
         -81         135 -9.840769270581109E-102 -9.840777549080283E-102
         -81         144 -3.138246855130270E-116 -3.138246193511391E-116
         -72        -144  8.801443921228064E-108 -8.801453902414176E-108
         -72        -135  5.760507766452629E-093 -5.760506961710543E-093
         -72        -126  2.415180449870315E-078 -2.415179222756597E-078
         -72        -117  5.255845386361503E-064 -5.255849889290632E-064
         -72        -108  4.196467485073168E-050 -4.196466816163929E-050
         -72         -99  7.087806879917819E-037 -7.087814302514338E-037
         -72         -90  1.093655611786537E-024 -1.093655856920752E-024
         -72         -81  4.487424891415397E-014 -4.487425757489037E-014
         -72         -72  8.091674468783401E-006 -8.091676078975853E-006
         -72         -63  0.373423317018289      -0.373437661448126     
         -72         -54   6.21427925488239       -6.87432237295964     
         -72         -45   12.8342287195150       -21.1090369825349     
         -72         -36   15.7407085409723       -33.0986930500637     
         -72         -27   13.0411103588630       -37.3672753775454     
         -72         -18   8.29101462160090       -36.4921827144300     
         -72          -9   3.79277590982313       -34.0912375192729     
         -72           0  1.847480501915300E-014  -32.9515626233440     
         -72           9  -3.79277590982316       -34.0912375192729     
         -72          18  -8.29101462160089       -36.4921827144300     
         -72          27  -13.0411103588629       -37.3672753775454     
         -72          36  -15.7407085409723       -33.0986930500637     
         -72          45  -12.8342287195151       -21.1090369825349     
         -72          54  -6.21427925488238       -6.87432237295965     
         -72          63 -0.373423317018292      -0.373437661448124     
         -72          72 -8.091674468783410E-006 -8.091676078975897E-006
         -72          81 -4.487424891415433E-014 -4.487425757488964E-014
         -72          90 -1.093655611749370E-024 -1.093655856965864E-024
         -72          99 -7.087802075388493E-037 -7.087821174090341E-037
         -72         108 -4.196467807857789E-050 -4.196474942229162E-050
         -72         117 -5.255845314195800E-064 -5.255847112651822E-064
         -72         126 -2.415177826889572E-078 -2.415183675996901E-078
         -72         135 -5.760506819981756E-093 -5.760509063943338E-093
         -72         144 -8.801446387098203E-108 -8.801445976164871E-108
         -63        -144  3.499128428800304E-100 -3.499130921638432E-100
         -63        -135  4.449785177538226E-085 -4.449789833931553E-085
         -63        -126  3.651097968211893E-070 -3.651097506535192E-070
         -63        -117  1.478615993422137E-055 -1.478616793722057E-055
         -63        -108  1.863332408177464E-041 -1.863333219943494E-041
         -63         -99  3.392639735990114E-028 -3.392640653495041E-028
         -63         -90  2.548107064254625E-016 -2.548107636698015E-016
         -63         -81  9.776061712411088E-007 -9.776063060705011E-007
         -63         -72  0.373436910336296      -0.373422816162173     
         -63         -63   8.33138983291452       -8.33139670186384     
         -63         -54   19.7515517885825       -23.3257862449216     
         -63         -45   22.1071124145978       -31.9012935225973     
         -63         -36   15.6304152517730       -29.0742999948223     
         -63         -27   7.78554777642955       -19.4399170929154     
         -63         -18   3.56250114737586       -10.3309666019082     
         -63          -9   1.32822103777071       -5.53885940551571     
         -63           0  4.746756754545338E-015  -4.21398408536849     
         -63           9  -1.32822103777072       -5.53885940551571     
         -63          18  -3.56250114737587       -10.3309666019082     
         -63          27  -7.78554777642953       -19.4399170929154     
         -63          36  -15.6304152517729       -29.0742999948224     
         -63          45  -22.1071124145978       -31.9012935225973     
         -63          54  -19.7515517885825       -23.3257862449216     
         -63          63  -8.33138983291452       -8.33139670186386     
         -63          72 -0.373436910336297      -0.373422816162172     
         -63          81 -9.776061712410952E-007 -9.776063060705085E-007
         -63          90 -2.548107064254668E-016 -2.548107636697910E-016
         -63          99 -3.392639819169981E-028 -3.392640746657549E-028
         -63         108 -1.863332430879531E-041 -1.863333026267300E-041
         -63         117 -1.478616000502960E-055 -1.478617078294878E-055
         -63         126 -3.651097705562897E-070 -3.651097725022767E-070
         -63         135 -4.449789642839963E-085 -4.449779521401050E-085
         -63         144 -3.499129490376794E-100 -3.499129097948435E-100
         -54        -144  1.616935620729648E-093 -1.616938819558488E-093
         -54        -135  3.643436941317936E-078 -3.643439417610583E-078
         -54        -126  5.203497325978117E-063 -5.203491416733188E-063
         -54        -117  3.337280602139658E-048 -3.337277054016100E-048
         -54        -108  5.200388111995546E-034 -5.200393402790064E-034
         -54         -99  6.731267352898344E-021 -6.731268697418970E-021
         -54         -90  1.071624984586025E-009 -1.071624772626065E-009
         -54         -81  4.341218034349116E-002 -4.341024171318758E-002
         -54         -72   6.87429316020783       -6.21426252135164     
         -54         -63   23.3257303922803       -19.7515261377400     
         -54         -54   27.1052824585353       -27.1052925666326     
         -54         -45   16.5105396778119       -20.2870338268597     
         -54         -36   5.99652622783215       -7.88362564620448     
         -54         -27   1.07220869376619       -1.17080837793081     
         -54         -18  4.763378410280978E-002 -5.156268698786490E-002
         -54          -9  1.672534345220112E-003 -2.257139541496255E-003
         -54           0 -2.048873608179089E-018 -5.846030738170344E-004
         -54           9 -1.672534345220098E-003 -2.257139541496256E-003
         -54          18 -4.763378410280963E-002 -5.156268698786496E-002
         -54          27  -1.07220869376619       -1.17080837793081     
         -54          36  -5.99652622783216       -7.88362564620446     
         -54          45  -16.5105396778119       -20.2870338268596     
         -54          54  -27.1052824585353       -27.1052925666326     
         -54          63  -23.3257303922804       -19.7515261377400     
         -54          72  -6.87429316020781       -6.21426252135166     
         -54          81 -4.341218034349115E-002 -4.341024171318768E-002
         -54          90 -1.071624984586017E-009 -1.071624772626064E-009
         -54          99 -6.731267352898316E-021 -6.731268697419157E-021
         -54         108 -5.200387593136516E-034 -5.200389563055224E-034
         -54         117 -3.337278615815195E-048 -3.337283029252394E-048
         -54         126 -5.203497332397109E-063 -5.203496194819427E-063
         -54         135 -3.643436469335989E-078 -3.643440824894005E-078
         -54         144 -1.616936309880711E-093 -1.616936732378337E-093
         -45        -144  7.301135286703346E-088 -7.301098908450798E-088
         -45        -135  2.624502179961231E-072 -2.624500211810243E-072
         -45        -126  5.738972567132497E-057 -5.738959418873548E-057
         -45        -117  4.932032802486185E-042 -4.932018795087919E-042
         -45        -108  7.467750367122420E-028 -7.467742911315783E-028
         -45         -99  4.556176203835587E-015 -4.556164420555337E-015
         -45         -90  5.919942816503830E-005 -5.919730522006597E-005
         -45         -81   2.45024247208153       -2.36354042019973     
         -45         -72   21.1089097363339       -12.8341673474271     
         -45         -63   31.9011543923863       -22.1070342311873     
         -45         -54   20.2869884714564       -16.5105052627938     
         -45         -45   5.05207879342375       -5.05207641374891     
         -45         -36  0.177696566611876      -0.178217537749400     
         -45         -27  2.981615470456502E-004 -2.990276386788966E-004
         -45         -18  1.399866715232057E-004 -1.407168192079460E-004
         -45          -9  2.550858613595472E-003 -2.830799609002620E-003
         -45           0 -8.481596173317987E-020 -5.381660577747091E-003
         -45           9 -2.550858613595465E-003 -2.830799609002616E-003
         -45          18 -1.399866715232065E-004 -1.407168192079459E-004
         -45          27 -2.981615470456514E-004 -2.990276386788953E-004
         -45          36 -0.177696566611877      -0.178217537749401     
         -45          45  -5.05207879342376       -5.05207641374891     
         -45          54  -20.2869884714564       -16.5105052627938     
         -45          63  -31.9011543923863       -22.1070342311873     
         -45          72  -21.1089097363339       -12.8341673474271     
         -45          81  -2.45024247208152       -2.36354042019974     
         -45          90 -5.919942816503868E-005 -5.919730522006549E-005
         -45          99 -4.556176203835554E-015 -4.556164420555324E-015
         -45         108 -7.467750313768757E-028 -7.467742974379643E-028
         -45         117 -4.932033144876870E-042 -4.932018445559139E-042
         -45         126 -5.738971008833023E-057 -5.738960382074777E-057
         -45         135 -2.624502404707849E-072 -2.624498196228633E-072
         -45         144 -7.301130786207363E-088 -7.301112451671103E-088
         -36        -144  2.803924580547748E-083 -2.803785395625110E-083
         -36        -135  1.442929752538073E-067 -1.442876198770748E-067
         -36        -126  4.268306018244409E-052 -4.268196594656312E-052
         -36        -117  4.245335623767679E-037 -4.245242306028639E-037
         -36        -108  5.162664981522098E-023 -5.162518383166956E-023
         -36         -99  1.078856541987038E-010 -1.078765907817383E-010
         -36         -90  4.282467429391957E-002 -4.270630013893315E-002
         -36         -81   10.7000577938724       -5.97181973496931     
         -36         -72   33.0984250357937       -15.7405968078471     
         -36         -63   29.0741090867017       -15.6303213404398     
         -36         -54   7.88359228373886       -5.99649638317657     
         -36         -45  0.178217093683367      -0.177696251430565     
         -36         -36  4.433142478132793E-005 -4.445614630688614E-005
         -36         -27  4.367159123100110E-002 -4.368420309098797E-002
         -36         -18   2.63418537101193       -2.72126132797897     
         -36          -9   6.03844774047309       -11.3885135113908     
         -36           0 -2.775566031892364E-014  -17.4218595322828     
         -36           9  -6.03844774047310       -11.3885135113908     
         -36          18  -2.63418537101192       -2.72126132797897     
         -36          27 -4.367159123100103E-002 -4.368420309098809E-002
         -36          36 -4.433142478132804E-005 -4.445614630688605E-005
         -36          45 -0.178217093683367      -0.177696251430566     
         -36          54  -7.88359228373889       -5.99649638317655     
         -36          63  -29.0741090867016       -15.6303213404398     
         -36          72  -33.0984250357937       -15.7405968078472     
         -36          81  -10.7000577938724       -5.97181973496930     
         -36          90 -4.282467429391931E-002 -4.270630013893335E-002
         -36          99 -1.078856541987048E-010 -1.078765907817367E-010
         -36         108 -5.162664981523658E-023 -5.162518383157709E-023
         -36         117 -4.245335340440432E-037 -4.245239128659635E-037
         -36         126 -4.268306548371048E-052 -4.268200493165535E-052
         -36         135 -1.442930198257230E-067 -1.442875628763497E-067
         -36         144 -2.803924640284693E-083 -2.803783081004276E-083
         -27        -144  8.280619185403509E-080 -8.275019365462113E-080
         -27        -135  5.501788227792678E-064 -5.498897899780903E-064
         -27        -126  1.978619476139914E-048 -1.977769441157130E-048
         -27        -117  2.051004439213552E-033 -2.050156750050248E-033
         -27        -108  1.815446930392728E-019 -1.814415700930005E-019
         -27         -99  1.139408939089209E-007 -1.137252036111118E-007
         -27         -90  0.851515765186031      -0.765985823084432     
         -27         -81   22.1478530251183       -7.09339647056828     
         -27         -72   37.3668871445394       -13.0409877945834     
         -27         -63   19.4397435965523       -7.78548021084798     
         -27         -54   1.17080069674970       -1.07220109683513     
         -27         -45  2.989350751863555E-004 -2.983126355479037E-004
         -27         -36  4.368417776465321E-002 -4.367184831773090E-002
         -27         -27   8.70981452741083       -8.70981488390143     
         -27         -18   30.5542596951238       -42.6184550193194     
         -27          -9   26.4292648642590       -82.2620942838285     
         -27           0 -6.591949208711867E-015  -96.6195653867337     
         -27           9  -26.4292648642590       -82.2620942838285     
         -27          18  -30.5542596951238       -42.6184550193194     
         -27          27  -8.70981452741083       -8.70981488390141     
         -27          36 -4.368417776465316E-002 -4.367184831773085E-002
         -27          45 -2.989350751863556E-004 -2.983126355479022E-004
         -27          54  -1.17080069674971       -1.07220109683513     
         -27          63  -19.4397435965523       -7.78548021084795     
         -27          72  -37.3668871445395       -13.0409877945834     
         -27          81  -22.1478530251183       -7.09339647056830     
         -27          90 -0.851515765186034      -0.765985823084426     
         -27          99 -1.139408939089212E-007 -1.137252036111141E-007
         -27         108 -1.815446930392727E-019 -1.814415700929987E-019
         -27         117 -2.051004849297366E-033 -2.050157204391264E-033
         -27         126 -1.978619740048853E-048 -1.977767929850572E-048
         -27         135 -5.501785998945133E-064 -5.498900567975414E-064
         -27         144 -8.280616986052968E-080 -8.275031969642153E-080
         -18        -144  1.766201441798011E-077 -1.749646784391036E-077
         -18        -135  1.378941436252633E-061 -1.367942161182755E-061
         -18        -126  5.543947752203162E-046 -5.504382164716600E-046
         -18        -117  5.677893631878388E-031 -5.636889502372152E-031
         -18        -108  3.715732730945750E-017 -3.679438232453762E-017
         -18         -99  8.108294375671327E-006 -7.880636004336208E-006
         -18         -90   3.22179816257497       -1.60431711996284     
         -18         -81   30.8810001515950       -6.38039982221020     
         -18         -72   36.4917161779331       -8.29091852771969     
         -18         -63   10.3308482573295       -3.56246099803643     
         -18         -54  5.156219322589915E-002 -4.763352365712971E-002
         -18         -45  1.406427391795593E-004 -1.401747368842651E-004
         -18         -36   2.72129711833101       -2.63422128735744     
         -18         -27   42.6185209755452       -30.5543976404966     
         -18         -18   61.8750817661325       -61.8752860242787     
         -18          -9   20.9831730549695       -48.1063770215410     
         -18           0  2.116362442168358E-014  -28.3028141093626     
         -18           9  -20.9831730549695       -48.1063770215410     
         -18          18  -61.8750817661326       -61.8752860242787     
         -18          27  -42.6185209755452       -30.5543976404965     
         -18          36  -2.72129711833100       -2.63422128735744     
         -18          45 -1.406427391795592E-004 -1.401747368842655E-004
         -18          54 -5.156219322589903E-002 -4.763352365712976E-002
         -18          63  -10.3308482573295       -3.56246099803647     
         -18          72  -36.4917161779331       -8.29091852771969     
         -18          81  -30.8810001515951       -6.38039982221016     
         -18          90  -3.22179816257497       -1.60431711996284     
         -18          99 -8.108294375671345E-006 -7.880636004336408E-006
         -18         108 -3.715732730945738E-017 -3.679438232453765E-017
         -18         117 -5.677893603730393E-031 -5.636889051278544E-031
         -18         126 -5.543945014935904E-046 -5.504388929376319E-046
         -18         135 -1.378941991869359E-061 -1.367940708058387E-061
         -18         144 -1.766200893217732E-077 -1.749647595353870E-077
          -9        -144  2.759881805788585E-076 -2.408304725177211E-076
          -9        -135  2.320055797345455E-060 -2.045373414214671E-060
          -9        -126  9.777975435694675E-045 -8.673166742626462E-045
          -9        -117  9.828535177914452E-030 -8.697081231672939E-030
          -9        -108  5.409217140218763E-016 -4.669711215967614E-016
          -9         -99  6.584800408352879E-005 -4.985918203265496E-005
          -9         -90   5.98867065196838       -1.16268181529690     
          -9         -81   35.3562722510978       -3.62882743829895     
          -9         -72   34.0907196222176       -3.79272630187645     
          -9         -63   5.53878163351066       -1.32820342447640     
          -9         -54  2.257078892545683E-003 -1.672703467381118E-003
          -9         -45  2.830934100307367E-003 -2.551254905107856E-003
          -9         -36   11.3892206871170       -6.03908400243932     
          -9         -27   82.2621373114585       -26.4304475540630     
          -9         -18   48.1056260389490       -20.9837197791061     
          -9          -9  0.589811628178372      -0.589811627914853     
          -9           0 -1.985233470126890E-021 -1.311330848865045E-005
          -9           9 -0.589811628178371      -0.589811627914853     
          -9          18  -48.1056260389490       -20.9837197791060     
          -9          27  -82.2621373114585       -26.4304475540630     
          -9          36  -11.3892206871170       -6.03908400243933     
          -9          45 -2.830934100307375E-003 -2.551254905107822E-003
          -9          54 -2.257078892545679E-003 -1.672703467381129E-003
          -9          63  -5.53878163351067       -1.32820342447641     
          -9          72  -34.0907196222176       -3.79272630187646     
          -9          81  -35.3562722510978       -3.62882743829897     
          -9          90  -5.98867065196838       -1.16268181529691     
          -9          99 -6.584800408352872E-005 -4.985918203265634E-005
          -9         108 -5.409217140218768E-016 -4.669711215967509E-016
          -9         117 -9.828536889707973E-030 -8.697085335269716E-030
          -9         126 -9.777976598514847E-045 -8.673161660480901E-045
          -9         135 -2.320055965949143E-060 -2.045373720564042E-060
          -9         144 -2.759881466045218E-076 -2.408305471039584E-076
           0        -144  5.168176246895062E-076 -2.056920174029503E-081
           0        -135  4.365420889415646E-060 -2.004387841188800E-065
           0        -126  1.845110158069660E-044 -8.470447200736160E-050
           0        -117  1.852558049054351E-029 -5.963496302034367E-035
           0        -108  1.007891022524648E-015 -2.363355665032803E-021
           0         -99  1.157069922998258E-004 -1.337956560074282E-010
           0         -90   7.15123896246466      -2.047444199697698E-006
           0         -81   36.6597606573536      -7.482117000382101E-006
           0         -72   32.9509859194610      -6.773928186985020E-006
           0         -63   4.21391395175645      -1.428999430839637E-006
           0         -54  5.845847665608690E-004 -1.934955598711780E-007
           0         -45  5.382662546418116E-003 -8.781431555838267E-007
           0         -36   17.4271203552372      -3.919527193430568E-003
           0         -27   96.6245696329136      -1.288796524832559E-002
           0         -18   28.2925471929134      -8.969215734428651E-003
           0          -9  1.311041787738155E-005 -3.154097717457269E-009
           0           0  7.523163845262640E-034 -5.321424461878998E-019
           0           9 -1.311041787738155E-005 -3.154097717406315E-009
           0          18  -28.2925471929134      -8.969215734449641E-003
           0          27  -96.6245696329137      -1.288796524832776E-002
           0          36  -17.4271203552372      -3.919527193411753E-003
           0          45 -5.382662546418122E-003 -8.781431555905183E-007
           0          54 -5.845847665608693E-004 -1.934955598722738E-007
           0          63  -4.21391395175645      -1.428999432846507E-006
           0          72  -32.9509859194610      -6.773928181900112E-006
           0          81  -36.6597606573537      -7.482117009532767E-006
           0          90  -7.15123896246467      -2.047444215938412E-006
           0          99 -1.157069922998258E-004 -1.337956553734770E-010
           0         108 -1.007891022524646E-015 -2.363355652225363E-021
           0         117 -1.852558245313501E-029 -5.401627543036817E-035
           0         126 -1.845110453614266E-044 -7.773684375389456E-050
           0         135 -4.365421109604385E-060 -1.949514586639625E-065
           0         144 -5.168175086964361E-076 -2.366494688599396E-081
           9        -144  2.759878593722267E-076  2.408281960568209E-076
           9        -135  2.320052811570406E-060  2.045359318837687E-060
           9        -126  9.777957259167360E-045  8.673101192679347E-045
           9        -117  9.828520590665159E-030  8.697025310960089E-030
           9        -108  5.409208162704482E-016  4.669683841817760E-016
           9         -99  6.584787253445683E-005  4.985892501253944E-005
           9         -90   5.98865076511279        1.16267404652386     
           9         -81   35.3561343982343        3.62879902380707     
           9         -72   34.0905696699642        3.79269640822757     
           9         -63   5.53875355625865        1.32819399634318     
           9         -54  2.257118595474123E-003  1.672326765991372E-003
           9         -45  2.831808795532751E-003  2.551329542887368E-003
           9         -36   11.4016589467202        6.03448224084086     
           9         -27   82.4222406273818        26.2712410928229     
           9         -18   47.9737407559074        20.7884577857103     
           9          -9  0.549160611569661       0.549147508949253     
           9           0  1.938704561047317E-024  4.643289910947706E-009
           9           9 -0.549160611569660       0.549147508949251     
           9          18  -47.9737407559073        20.7884577857103     
           9          27  -82.4222406273819        26.2712410928229     
           9          36  -11.4016589467202        6.03448224084087     
           9          45 -2.831808795532748E-003  2.551329542887374E-003
           9          54 -2.257118595474120E-003  1.672326765991376E-003
           9          63  -5.53875355625865        1.32819399634319     
           9          72  -34.0905696699642        3.79269640822758     
           9          81  -35.3561343982343        3.62879902380707     
           9          90  -5.98865076511280        1.16267404652386     
           9          99 -6.584787253445689E-005  4.985892501253997E-005
           9         108 -5.409208162704465E-016  4.669683841817736E-016
           9         117 -9.828520830462213E-030  8.697021711745500E-030
           9         126 -9.777958441803458E-045  8.673101065836508E-045
           9         135 -2.320052998274750E-060  2.045359924815902E-060
           9         144 -2.759877621251437E-076  2.408287447771924E-076
          18        -144  1.766195675866615E-077  1.749634903349177E-077
          18        -135  1.378936410624218E-061  1.367933196784325E-061
          18        -126  5.543927119895984E-046  5.504350006164557E-046
          18        -117  5.677870606913899E-031  5.636852845958783E-031
          18        -108  3.715716528737462E-017  3.679413989804427E-017
          18         -99  8.108255067635725E-006  7.880583043055117E-006
          18         -90   3.22177749250737        1.60430357047482     
          18         -81   30.8807615694993        6.38033942443683     
          18         -72   36.4914020276924        8.29083760421212     
          18         -63   10.3307502034674        3.56242635480779     
          18         -54  5.156179757543922E-002  4.763278668913261E-002
          18         -45  1.409165743772980E-004  1.399706592712341E-004
          18         -36   2.73027068393705        2.64228821435533     
          18         -27   43.1015481775134        30.3976100749238     
          18         -18   65.5350816506445        57.6397449369864     
          18          -9   30.8172409047405        30.0496340257246     
          18           0 -3.035766063572367E-016  0.330701236835124     
          18           9  -30.8172409047405        30.0496340257246     
          18          18  -65.5350816506444        57.6397449369864     
          18          27  -43.1015481775134        30.3976100749239     
          18          36  -2.73027068393704        2.64228821435533     
          18          45 -1.409165743772981E-004  1.399706592712341E-004
          18          54 -5.156179757543908E-002  4.763278668913271E-002
          18          63  -10.3307502034674        3.56242635480781     
          18          72  -36.4914020276924        8.29083760421214     
          18          81  -30.8807615694993        6.38033942443682     
          18          90  -3.22177749250738        1.60430357047481     
          18          99 -8.108255067635739E-006  7.880583043054977E-006
          18         108 -3.715716528737451E-017  3.679413989804558E-017
          18         117 -5.677870534937868E-031  5.636852667435476E-031
          18         126 -5.543923758903900E-046  5.504355074549011E-046
          18         135 -1.378937207385721E-061  1.367931579538664E-061
          18         144 -1.766194690697575E-077  1.749636116082931E-077
          27        -144  8.280580003512663E-080  8.274938473700157E-080
          27        -135  5.501749441211952E-064  5.498873688461283E-064
          27        -126  1.978607214401235E-048  1.977751690135014E-048
          27        -117  2.050990457493453E-033  2.050139412542678E-033
          27        -108  1.815433874047323E-019  1.814400042677894E-019
          27         -99  1.139399922412199E-007  1.137241584262678E-007
          27         -90  0.851507843014688       0.765977398160905     
          27         -81   22.1475966994927        7.09331028338058     
          27         -72   37.3664048458276        13.0408357320878     
          27         -63   19.4394923379405        7.78539695141553     
          27         -54   1.17078971476836        1.07219200156240     
          27         -45  2.990822893045842E-004  2.980332277395148E-004
          27         -36  4.413764588355064E-002  4.412466179204044E-002
          27         -27   9.04087313618468        9.03561088056047     
          27         -18   35.4922432606676        45.8969894496530     
          27          -9   65.1594844723745        69.1876951830561     
          27           0  6.635317295611287E-015   64.5643844042168     
          27           9  -65.1594844723745        69.1876951830561     
          27          18  -35.4922432606676        45.8969894496530     
          27          27  -9.04087313618468        9.03561088056049     
          27          36 -4.413764588355077E-002  4.412466179204037E-002
          27          45 -2.990822893045842E-004  2.980332277395149E-004
          27          54  -1.17078971476836        1.07219200156240     
          27          63  -19.4394923379405        7.78539695141554     
          27          72  -37.3664048458275        13.0408357320878     
          27          81  -22.1475966994927        7.09331028338060     
          27          90 -0.851507843014691       0.765977398160905     
          27          99 -1.139399922412209E-007  1.137241584262660E-007
          27         108 -1.815433874047316E-019  1.814400042677907E-019
          27         117 -2.050991035662300E-033  2.050138761802451E-033
          27         126 -1.978607114367622E-048  1.977751622587658E-048
          27         135 -5.501752856872698E-064  5.498857156869836E-064
          27         144 -8.280571287994344E-080  8.274965554681142E-080
          36        -144  2.803903632566031E-083  2.803755372399213E-083
          36        -135  1.442917043359479E-067  1.442865159163344E-067
          36        -126  4.268269379066565E-052  4.268151554410211E-052
          36        -117  4.245298756124743E-037  4.245194745378908E-037
          36        -108  5.162613243231271E-023  5.162461030563818E-023
          36         -99  1.078844609567972E-010  1.078752978629467E-010
          36         -90  4.282412914166275E-002  4.270571133221305E-002
          36         -81   10.6998882681432        5.97172560184988     
          36         -72   33.0977915802675        15.7404054641986     
          36         -63   29.0735640480193        15.6302589407278     
          36         -54   7.88358364992036        5.99654194083669     
          36         -45  0.178227395784609       0.177706309565311     
          36         -36  4.461512679113875E-005  4.434059815758756E-005
          36         -27  4.675593279207993E-002  4.676835596583006E-002
          36         -18   3.78931586154948        3.88243438933417     
          36          -9   36.6440275179461        40.8101130093351     
          36           0 -1.110223024625157E-014   73.9488807425037     
          36           9  -36.6440275179461        40.8101130093350     
          36          18  -3.78931586154947        3.88243438933418     
          36          27 -4.675593279208002E-002  4.676835596582987E-002
          36          36 -4.461512679113832E-005  4.434059815758820E-005
          36          45 -0.178227395784609       0.177706309565310     
          36          54  -7.88358364992035        5.99654194083667     
          36          63  -29.0735640480193        15.6302589407278     
          36          72  -33.0977915802675        15.7404054641986     
          36          81  -10.6998882681432        5.97172560184989     
          36          90 -4.282412914166266E-002  4.270571133221299E-002
          36          99 -1.078844609567970E-010  1.078752978629477E-010
          36         108 -5.162613243233825E-023  5.162461030550963E-023
          36         117 -4.245296396248193E-037  4.245193405911747E-037
          36         126 -4.268269102085063E-052  4.268155884050140E-052
          36         135 -1.442918124297439E-067  1.442861842233061E-067
          36         144 -2.803903058303325E-083  2.803758005383851E-083
          45        -144  7.301059865492389E-088  7.301028190536060E-088
          45        -135  2.624475023410925E-072  2.624467513334139E-072
          45        -126  5.738906993183080E-057  5.738892276074478E-057
          45        -117  4.931969736108129E-042  4.931958147926760E-042
          45        -108  7.467652151029325E-028  7.467638533400693E-028
          45         -99  4.556109349183596E-015  4.556094121200837E-015
          45         -90  5.919841575684092E-005  5.919625113126655E-005
          45         -81   2.45019055733051        2.36348734469505     
          45         -72   21.1082491571982        12.8339696759062     
          45         -63   31.8997629034870        22.1073298269788     
          45         -54   20.2863393555440        16.5119976073112     
          45         -45   5.05297753425165        5.05329571455457     
          45         -36  0.177862684456148       0.178385826870949     
          45         -27  2.995293439867272E-004  3.000970819956987E-004
          45         -18  2.023575449509091E-004  2.039711125490429E-004
          45          -9   1.76860499231609        1.73706138061915     
          45           0 -2.292545493720599E-014   3.47371617295518     
          45           9  -1.76860499231608        1.73706138061914     
          45          18 -2.023575449509096E-004  2.039711125490427E-004
          45          27 -2.995293439867269E-004  3.000970819956994E-004
          45          36 -0.177862684456149       0.178385826870948     
          45          45  -5.05297753425163        5.05329571455457     
          45          54  -20.2863393555440        16.5119976073112     
          45          63  -31.8997629034869        22.1073298269788     
          45          72  -21.1082491571981        12.8339696759062     
          45          81  -2.45019055733051        2.36348734469506     
          45          90 -5.919841575684055E-005  5.919625113126629E-005
          45          99 -4.556109349183597E-015  4.556094121200834E-015
          45         108 -7.467652227673785E-028  7.467638513057995E-028
          45         117 -4.931968914951089E-042  4.931960727109041E-042
          45         126 -5.738905180828911E-057  5.738897130548466E-057
          45         135 -2.624474950456160E-072  2.624469729733194E-072
          45         144 -7.301064661742495E-088  7.301016881514391E-088
          54        -144  1.616916998423282E-093  1.616914745564407E-093
          54        -135  3.643389700121445E-078  3.643386999098122E-078
          54        -126  5.203420335222741E-063  5.203425710534745E-063
          54        -117  3.337227202669081E-048  3.337225497778315E-048
          54        -108  5.200297929505224E-034  5.200295593117706E-034
          54         -99  6.731132791864705E-021  6.731129962637048E-021
          54         -90  1.071598754638477E-009  1.071597926947470E-009
          54         -81  4.341073770145534E-002  4.340876920458046E-002
          54         -72   6.87394343451210        6.21397719753544     
          54         -63   23.3230536231881        19.7515343725621     
          54         -54   27.0986944839605        27.1111025982512     
          54         -45   16.5032662193469        20.3070854516216     
          54         -36   5.99917955685849        7.91036288325361     
          54         -27   1.08141704055439        1.18600901203823     
          54         -18  4.651304145851606E-002  5.867653891950746E-002
          54          -9 -0.465697634090155       0.509811053265160     
          54           0 -2.152141312383726E-015   1.00745887932059     
          54           9  0.465697634090154       0.509811053265168     
          54          18 -4.651304145851611E-002  5.867653891950746E-002
          54          27  -1.08141704055439        1.18600901203823     
          54          36  -5.99917955685847        7.91036288325362     
          54          45  -16.5032662193469        20.3070854516216     
          54          54  -27.0986944839604        27.1111025982512     
          54          63  -23.3230536231880        19.7515343725621     
          54          72  -6.87394343451207        6.21397719753545     
          54          81 -4.341073770145523E-002  4.340876920458096E-002
          54          90 -1.071598754638470E-009  1.071597926947483E-009
          54          99 -6.731132791864781E-021  6.731129962636797E-021
          54         108 -5.200298197956087E-034  5.200295649404392E-034
          54         117 -3.337227446244601E-048  3.337225465760869E-048
          54         126 -5.203421758010534E-063  5.203420417428603E-063
          54         135 -3.643388860216818E-078  3.643390221855640E-078
          54         144 -1.616917089183495E-093  1.616914207526445E-093
          63        -144  3.499078285872429E-100  3.499072349007716E-100
          63        -135  4.449711833592149E-085  4.449712527612936E-085
          63        -126  3.651032453537384E-070  3.651027179222100E-070
          63        -117  1.478585748085023E-055  1.478586444355888E-055
          63        -108  1.863287853938864E-041  1.863286898358475E-041
          63         -99  3.392539294850741E-028  3.392538270042936E-028
          63         -90  2.548006095384386E-016  2.548005430775983E-016
          63         -81  9.775473450676204E-007  9.775470115189385E-007
          63         -72  0.373396430880876       0.373382058767222     
          63         -63   8.32953090443983        8.32984975603408     
          63         -54   19.7372022371311        23.3252017459623     
          63         -45   22.0549795396852        31.9388945271268     
          63         -36   15.4937292644818        29.2892836870332     
          63         -27   7.41152532420690        20.1889454268838     
          63         -18   2.14454307699016        12.8881262916073     
          63          -9  -7.27746112575645        17.1507206488227     
          63           0 -2.415602440297704E-014   23.4648351060887     
          63           9   7.27746112575645        17.1507206488227     
          63          18  -2.14454307699016        12.8881262916073     
          63          27  -7.41152532420688        20.1889454268838     
          63          36  -15.4937292644818        29.2892836870332     
          63          45  -22.0549795396852        31.9388945271268     
          63          54  -19.7372022371311        23.3252017459623     
          63          63  -8.32953090443983        8.32984975603408     
          63          72 -0.373396430880874       0.373382058767225     
          63          81 -9.775473450676274E-007  9.775470115189395E-007
          63          90 -2.548006095384370E-016  2.548005430776018E-016
          63          99 -3.392540172150237E-028  3.392538017910546E-028
          63         108 -1.863287700249443E-041  1.863287071781665E-041
          63         117 -1.478587480974067E-055  1.478583628420150E-055
          63         126 -3.651031615495877E-070  3.651031587609680E-070
          63         135 -4.449712706827107E-085  4.449711932325114E-085
          63         144 -3.499076211953567E-100  3.499075365946741E-100
          72        -144  8.801277049590095E-108  8.801287109099011E-108
          72        -135  5.760384430460414E-093  5.760385617680319E-093
          72        -126  2.415120243701611E-078  2.415120037194149E-078
          72        -117  5.255693903443737E-064  5.255693192911621E-064
          72        -108  4.196319078879201E-050  4.196312456806037E-050
          72         -99  7.087458373626221E-037  7.087484036311422E-037
          72         -90  1.093577995877706E-024  1.093577726989346E-024
          72         -81  4.486888440262884E-014  4.486887477375056E-014
          72         -72  8.089756051829576E-006  8.089754251470559E-006
          72         -63  0.373218231814313       0.373232326247235     
          72         -54   6.20573176024071        6.86562347415616     
          72         -45   12.7691783792616        21.0691260460600     
          72         -36   15.4090707189580        33.0891101083668     
          72         -27   11.7247497640956        37.9608130033878     
          72         -18   3.06780879304811        40.0250974913067     
          72          -9  -17.6891581917723        45.2509094054940     
          72           0 -2.376571162088226E-014   49.3484832352105     
          72           9   17.6891581917723        45.2509094054940     
          72          18  -3.06780879304812        40.0250974913067     
          72          27  -11.7247497640955        37.9608130033877     
          72          36  -15.4090707189581        33.0891101083668     
          72          45  -12.7691783792615        21.0691260460600     
          72          54  -6.20573176024074        6.86562347415616     
          72          63 -0.373218231814311       0.373232326247236     
          72          72 -8.089756051829690E-006  8.089754251470466E-006
          72          81 -4.486888440262856E-014  4.486887477375049E-014
          72          90 -1.093577995877457E-024  1.093577726989376E-024
          72          99 -7.087462966261185E-037  7.087463115229269E-037
          72         108 -4.196314838547850E-050  4.196313929001468E-050
          72         117 -5.255700398816345E-064  5.255685248408500E-064
          72         126 -2.415119793540827E-078  2.415120845450594E-078
          72         135 -5.760386609339704E-093  5.760379948140459E-093
          72         144 -8.801277150856209E-108  8.801280340388856E-108
          81        -144  3.138168932548354E-116  3.138168407689629E-116
          81        -135  9.840487440995659E-102  9.840497315141852E-102
          81        -126  1.920919887671261E-087  1.920919165469270E-087
          81        -117  1.966894692606529E-073  1.966893248574488E-073
          81        -108  8.083634488075614E-060  8.083632992020844E-060
          81         -99  8.892647481961651E-047  8.892640061331183E-047
          81         -90  1.459954957207752E-034  1.459954618693017E-034
          81         -81  1.618792696189698E-023  1.618792344874323E-023
          81         -72  4.485255232845058E-014  4.485254364571987E-014
          81         -63  9.764766259508977E-007  9.764765171487842E-007
          81         -54  4.327556575888777E-002  4.327750549761725E-002
          81         -45   2.34247487297946        2.42891011197541     
          81         -36   5.77736447303808        10.4672884648698     
          81         -27   6.04332109982662        20.9086620847592     
          81         -18   1.57751383676107        26.0160464515860     
          81          -9  -12.1879498718340        16.7792799137214     
          81           0  3.040170654285135E-015   7.18048132995826     
          81           9   12.1879498718340        16.7792799137214     
          81          18  -1.57751383676111        26.0160464515860     
          81          27  -6.04332109982662        20.9086620847592     
          81          36  -5.77736447303806        10.4672884648698     
          81          45  -2.34247487297947        2.42891011197541     
          81          54 -4.327556575888766E-002  4.327750549761751E-002
          81          63 -9.764766259509242E-007  9.764765171487637E-007
          81          72 -4.485255232844988E-014  4.485254364572048E-014
          81          81 -1.618792696195150E-023  1.618792344873019E-023
          81          90 -1.459954347077228E-034  1.459955541606470E-034
          81          99 -8.892644882461630E-047  8.892642025375846E-047
          81         108 -8.083640985746697E-060  8.083626334189030E-060
          81         117 -1.966893410256764E-073  1.966894694401582E-073
          81         126 -1.920919691408916E-087  1.920918756154966E-087
          81         135 -9.840485662030082E-102  9.840496293327809E-102
          81         144 -3.138169540055141E-116  3.138165278724814E-116
          90        -144  1.956045926312728E-125  1.956048050947412E-125
          90        -135  2.803052144660126E-111  2.803055778323798E-111
          90        -126  2.394560491649079E-097  2.394555757578496E-097
          90        -117  1.052932838164326E-083  1.052932732247795E-083
          90        -108  1.920199364439105E-070  1.920196690563018E-070
          90         -99  1.063964630718086E-057  1.063966532964341E-057
          90         -90  1.166897184248444E-045  1.166896856220784E-045
          90         -81  1.459525088985576E-034  1.459524798311446E-034
          90         -72  1.092684842897734E-024  1.092684618404598E-024
          90         -63  2.542754861941383E-016  2.542754403218206E-016
          90         -54  1.065691432757096E-009  1.065691732668010E-009
          90         -45  5.826030667521786E-005  5.826242594100590E-005
          90         -36  4.066827311605074E-002  4.078478447909820E-002
          90         -27  0.648978846682743       0.730431387049047     
          90         -18  0.607737218729870        1.98714113659796     
          90          -9  -1.29458243221512        1.30029373398812     
          90           0 -8.233159194150936E-017  5.714922640722015E-003
          90           9   1.29458243221512        1.30029373398811     
          90          18 -0.607737218729904        1.98714113659795     
          90          27 -0.648978846682737       0.730431387049048     
          90          36 -4.066827311605092E-002  4.078478447909804E-002
          90          45 -5.826030667521779E-005  5.826242594100602E-005
          90          54 -1.065691432757107E-009  1.065691732668003E-009
          90          63 -2.542754861941377E-016  2.542754403218253E-016
          90          72 -1.092684842896617E-024  1.092684618393850E-024
          90          81 -1.459523962291012E-034  1.459527065354326E-034
          90          90 -1.166896888243196E-045  1.166897420746866E-045
          90          99 -1.063964710204764E-057  1.063965696939750E-057
          90         108 -1.920200200726926E-070  1.920195977261947E-070
          90         117 -1.052933457017529E-083  1.052931880447616E-083
          90         126 -2.394559343844134E-097  2.394557613053436E-097
          90         135 -2.803052503087110E-111  2.803053551935711E-111
          90         144 -1.956047269818160E-125  1.956045322902586E-125
          99        -144  2.620913707061230E-135  2.620914479801699E-135
          99        -135  1.676424882893854E-121  1.676427276339835E-121
          99        -126  6.077197185145672E-108  6.077194203613124E-108
          99        -117  1.093444511628591E-094  1.093445064578812E-094
          99        -108  8.124441656944842E-082  8.124441122146077E-082
          99         -99  1.937842666826004E-069  1.937843238038094E-069
          99         -90  1.063707382980652E-057  1.063706694451678E-057
          99         -81  8.887051772448101E-047  8.887055946138910E-047
          99         -72  7.077377558458952E-037  7.077376107235310E-037
          99         -63  3.381151280873470E-028  3.381150589095966E-028
          99         -54  6.673613993427096E-021  6.673613346505441E-021
          99         -45  4.450008527987205E-015  4.450020939045727E-015
          99         -36  1.007033251746702E-010  1.007122023867634E-010
          99         -27  9.108314445160352E-008  9.128453226479007E-008
          99         -18  2.269298101518074E-006  2.451663539939299E-006
          99          -9 -2.360428833187861E-006  2.360527290167113E-006
          99           0  1.053160862905529E-023  9.514948046437034E-011
          99           9  2.360428833187939E-006  2.360527290167167E-006
          99          18 -2.269298101517924E-006  2.451663539939352E-006
          99          27 -9.108314445160523E-008  9.128453226478936E-008
          99          36 -1.007033251746662E-010  1.007122023867645E-010
          99          45 -4.450008527987293E-015  4.450020939045677E-015
          99          54 -6.673613993426843E-021  6.673613346505542E-021
          99          63 -3.381152532656291E-028  3.381150966261190E-028
          99          72 -7.077380336128136E-037  7.077375161493069E-037
          99          81 -8.887054646180776E-047  8.887052391338422E-047
          99          90 -1.063707102551793E-057  1.063706429476150E-057
          99          99 -1.937842757343269E-069  1.937843627816067E-069
          99         108 -8.124433232311989E-082  8.124449272183297E-082
          99         117 -1.093444502084388E-094  1.093444860921318E-094
          99         126 -6.077196457598459E-108  6.077192236455162E-108
          99         135 -1.676426777843506E-121  1.676424733957769E-121
          99         144 -2.620913987025396E-135  2.620914828022946E-135
         108        -144  9.158516045597886E-146  9.158521002302724E-146
         108        -135  2.605470528227159E-132  2.605469743237608E-132
         108        -126  3.989524033191828E-119  3.989513179734635E-119
         108        -117  2.902387058235884E-106  2.902389501954431E-106
         108        -108  8.512982582066841E-094  8.512980660036585E-094
         108         -99  8.122780026908364E-082  8.122764704435819E-082
         108         -90  1.919229085168576E-070  1.919228471618839E-070
         108         -81  8.075163055702561E-060  8.075156162021147E-060
         108         -72  4.187040749594577E-050  4.187040857749349E-050
         108         -63  1.854011237987195E-041  1.854014453435584E-041
         108         -54  5.137479262534856E-034  5.137478426815307E-034
         108         -45  7.234606372347285E-028  7.234615014543169E-028
         108         -36  4.726400057835918E-023  4.726543519841781E-023
         108         -27  1.355587625993164E-019  1.356532440549949E-019
         108         -18  6.019281156659075E-018  6.290483565707553E-018
         108          -9 -6.154820886989503E-018  6.154920331014588E-018
         108           0 -7.300921944528494E-036  8.548930058721316E-023
         108           9  6.154820886989767E-018  6.154920331014369E-018
         108          18 -6.019281156659779E-018  6.290483565707334E-018
         108          27 -1.355587625993161E-019  1.356532440549954E-019
         108          36 -4.726400057832781E-023  4.726543519842005E-023
         108          45 -7.234606339844017E-028  7.234615070184605E-028
         108          54 -5.137481801408163E-034  5.137480165701103E-034
         108          63 -1.854012127679283E-041  1.854012109802722E-041
         108          72 -4.187045215847699E-050  4.187037963185033E-050
         108          81 -8.075159138011078E-060  8.075158117490445E-060
         108          90 -1.919228750188527E-070  1.919228930775369E-070
         108          99 -8.122776960297695E-082  8.122765927169196E-082
         108         108 -8.512991594970153E-094  8.512972028070365E-094
         108         117 -2.902392072848315E-106  2.902384404972466E-106
         108         126 -3.989522394416793E-119  3.989515895410204E-119
         108         135 -2.605470517180163E-132  2.605470943071738E-132
         108         144 -9.158517821620376E-146  9.158518673525400E-146
         117        -144  9.927956988802554E-157  9.927951617723811E-157
         117        -135  1.270528572003516E-143  1.270528136468795E-143
         117        -126  8.337795713488892E-131  8.337782620464332E-131
         117        -117  2.488355559882728E-118  2.488354119122796E-118
         117        -108  2.901874198832501E-106  2.901870877154203E-106
         117         -99  1.092985466090606E-094  1.092984887783854E-094
         117         -90  1.052072932687060E-083  1.052069842855562E-083
         117         -81  1.963793314327358E-073  1.963788925841115E-073
         117         -72  5.238916140815510E-064  5.238911709025165E-064
         117         -63  1.468349045453314E-055  1.468351583286615E-055
         117         -54  3.283551119316312E-048  3.283551808017286E-048
         117         -45  4.736627700353399E-042  4.736619545868594E-042
         117         -36  3.808182973390024E-037  3.808280127513650E-037
         117         -27  1.406978166959267E-033  1.407739195886746E-033
         117         -18  5.711494091489840E-032  5.992951709357531E-032
         117          -9 -5.852174245861592E-032  5.852239998168290E-032
         117           0  3.180730299064184E-047  4.825214362229212E-037
         117           9  5.852174633667684E-032  5.852239960328478E-032
         117          18 -5.711492785317001E-032  5.992951871993577E-032
         117          27 -1.406976526929672E-033  1.407741200647158E-033
         117          36 -3.808182982986361E-037  3.808280147772856E-037
         117          45 -4.736616170460301E-042  4.736621233772783E-042
         117          54 -3.283550378287598E-048  3.283549664362546E-048
         117          63 -1.468350769307601E-055  1.468350339905794E-055
         117          72 -5.238916073129981E-064  5.238913051993977E-064
         117          81 -1.963790689610356E-073  1.963790746161688E-073
         117          90 -1.052071165022769E-083  1.052070692379588E-083
         117          99 -1.092985379843264E-094  1.092984987456765E-094
         117         108 -2.901868958459627E-106  2.901876419405216E-106
         117         117 -2.488351465606510E-118  2.488358249335876E-118
         117         126 -8.337799025393076E-131  8.337781728186420E-131
         117         135 -1.270530020073175E-143  1.270526663366709E-143
         117         144 -9.927954174471030E-157  9.927956750939914E-157
         126        -144  3.885024502382727E-168  3.885020175261377E-168
         126        -135  2.284943520656168E-155  2.284941206366703E-155
         126        -126  6.601541324564585E-143  6.601542539710849E-143
         126        -117  8.336483170540116E-131  8.336489802624833E-131
         126        -108  3.988088115414860E-119  3.988081566323308E-119
         126         -99  6.073141793527977E-108  6.073130660806737E-108
         126         -90  2.391677662600968E-097  2.391677878386318E-097
         126         -81  1.916630704220424E-087  1.916633559605244E-087
         126         -72  2.404531781167673E-078  2.404536916432050E-078
         126         -63  3.617461098431422E-070  3.617459850325238E-070
         126         -54  5.096445995713100E-063  5.096441503838259E-063
         126         -45  5.460019077020764E-057  5.460029586021549E-057
         126         -36  3.742568723067260E-052  3.742674049237463E-052
         126         -27  1.226628126383929E-048  1.227375632989877E-048
         126         -18  3.635223808625984E-047  3.880602158876462E-047
         126          -9 -3.757879471284776E-047  3.757912683125943E-047
         126           0  8.409001619856426E-059  2.132270646907921E-052
         126           9  3.757881170772613E-047  3.757911652955939E-047
         126          18 -3.635221079062670E-047  3.880601124931881E-047
         126          27 -1.226627718087158E-048  1.227375595255803E-048
         126          36 -3.742571743786727E-052  3.742674315034909E-052
         126          45 -5.460015304994059E-057  5.460033573219693E-057
         126          54 -5.096442554062125E-063  5.096441774175072E-063
         126          63 -3.617465074998120E-070  3.617458868267584E-070
         126          72 -2.404535890463677E-078  2.404533864067761E-078
         126          81 -1.916632846467267E-087  1.916631571405036E-087
         126          90 -2.391683091157301E-097  2.391675294847912E-097
         126          99 -6.073141672979637E-108  6.073130167715480E-108
         126         108 -3.988088276350424E-119  3.988081130992447E-119
         126         117 -8.336490792326904E-131  8.336485937786762E-131
         126         126 -6.601551583444078E-143  6.601532809611001E-143
         126         135 -2.284939371131294E-155  2.284945543725228E-155
         126         144 -3.885023170839321E-168  3.885021339774345E-168
         135        -144  6.251357724831595E-180  6.251371761592001E-180
         135        -135  1.736636303416823E-167  1.736635852395969E-167
         135        -126  2.284626528681226E-155  2.284621557836478E-155
         135        -117  1.270128611366695E-143  1.270129714571313E-143
         135        -108  2.604001529835008E-132  2.604001818923330E-132
         135         -99  1.674809953389846E-121  1.674810504271810E-121
         135         -90  2.798371295709475E-111  2.798370396149558E-111
         135         -81  9.810751433252352E-102  9.810738522971162E-102
         135         -72  5.727018077780715E-093  5.727024844515284E-093
         135         -63  4.397192849599591E-085  4.397189466733652E-085
         135         -54  3.550411618596938E-078  3.550411384516413E-078
         135         -45  2.471422046229596E-072  2.471433689558061E-072
         135         -36  1.231859812062745E-067  1.231907796170563E-067
         135         -27  3.034963769071109E-064  3.037422956603297E-064
         135         -18  6.070408322814285E-063  6.677610348178764E-063
         135          -9 -6.373959002354894E-063  6.374004629192507E-063
         135           0  4.701355961082516E-074  2.677670366915538E-068
         135           9  6.373956369120743E-063  6.374005287587480E-063
         135          18 -6.070411975685704E-063  6.677611087485253E-063
         135          27 -3.034959577791281E-064  3.037423766013961E-064
         135          36 -1.231857822992325E-067  1.231908372664726E-067
         135          45 -2.471427714649396E-072  2.471431503407317E-072
         135          54 -3.550409430356579E-078  3.550413634497524E-078
         135          63 -4.397193443013219E-085  4.397190150609578E-085
         135          72 -5.727022284228811E-093  5.727020714002245E-093
         135          81 -9.810728064888971E-102  9.810749638172745E-102
         135          90 -2.798371124541731E-111  2.798370027120196E-111
         135          99 -1.674811161428942E-121  1.674809514716046E-121
         135         108 -2.604005434488339E-132  2.603999421880221E-132
         135         117 -1.270129109090208E-143  1.270129664471963E-143
         135         126 -2.284625791568839E-155  2.284621498787228E-155
         135         135 -1.736635111274444E-167  1.736636502690566E-167
         135         144 -6.251362210440681E-180  6.251364645751612E-180
         144        -144  4.620879119803141E-192  4.620883704671405E-192
         144        -135  6.250584523948273E-180  6.250571271614457E-180
         144        -126  3.883934482130591E-168  3.883942545637897E-168
         144        -117  9.923120374949282E-157  9.923116444381834E-157
         144        -108  9.151193768533792E-146  9.151172944925096E-146
         144         -99  2.617468818003932E-135  2.617457586317003E-135
         144         -90  1.951681003516210E-125  1.951680981011429E-125
         144         -81  3.125731714398196E-116  3.125739407559849E-116
         144         -72  8.735881417677991E-108  8.735895277209442E-108
         144         -63  3.447439467314799E-100  3.447436647675230E-100
         144         -54  1.566811610933137E-093  1.566813562908103E-093
         144         -45  6.797429217567521E-088  6.797446379469010E-088
         144         -36  2.318134320262877E-083  2.318267297008459E-083
         144         -27  4.008755740963795E-080  4.013378460234338E-080
         144         -18  5.316593396014090E-079  6.118764993258834E-079
         144          -9 -5.717629914726010E-079  5.717668335008293E-079
         144           0 -1.774874759047172E-090  1.873569076251865E-084
         144           9  5.717614141268634E-079  5.717674407091040E-079
         144          18 -5.316553729599449E-079  6.118771360751204E-079
         144          27 -4.008743914795289E-080  4.013381415303937E-080
         144          36 -2.318131723239771E-083  2.318268175256699E-083
         144          45 -6.797413024523820E-088  6.797451486073196E-088
         144          54 -1.566813241347921E-093  1.566813266377118E-093
         144          63 -3.447436826662783E-100  3.447437291457040E-100
         144          72 -8.735887039421891E-108  8.735891062293845E-108
         144          81 -3.125735313606745E-116  3.125737363361604E-116
         144          90 -1.951680282496479E-125  1.951681301321008E-125
         144          99 -2.617465203919668E-135  2.617460165679295E-135
         144         108 -9.151151994735511E-146  9.151204180010193E-146
         144         117 -9.923138035775557E-157  9.923100772175183E-157
         144         126 -3.883936203756765E-168  3.883939723302087E-168
         144         135 -6.250584129189738E-180  6.250570099682762E-180
         144         144 -4.620882613918618E-192  4.620881281578490E-192
