        -144        -144  4.751150833010561E-192 -4.751151900407815E-192
        -144        -135  6.428597557191426E-180 -6.428602203875313E-180
        -144        -126  3.995981546689235E-168 -3.995980158014731E-168
        -144        -117  1.021412945352810E-156 -1.021414061850314E-156
        -144        -108  9.425531186648564E-146 -9.425522875895438E-146
        -144         -99  2.698370016287354E-135 -2.698367634166659E-135
        -144         -90  2.014774384848918E-125 -2.014780430407382E-125
        -144         -81  3.234105861715545E-116 -3.234108489778900E-116
        -144         -72  9.075702134859385E-108 -9.075696029293327E-108
        -144         -63  3.610429949131885E-100 -3.610432561962615E-100
        -144         -54  1.669415542185434E-093 -1.669419379507109E-093
        -144         -45  7.542515724482405E-088 -7.542543451493134E-088
        -144         -36  2.897960662782415E-083 -2.898112752045486E-083
        -144         -27  8.556418601043566E-080 -8.562215944605460E-080
        -144         -18  1.809649486541864E-077 -1.826764737401629E-077
        -144          -9  2.491257034359115E-076 -2.854899390973416E-076
        -144           0 -3.988896522660112E-082 -5.346157681253722E-076
        -144           9 -2.491257744271189E-076 -2.854899397989923E-076
        -144          18 -1.809647899679635E-077 -1.826764979829492E-077
        -144          27 -8.556404654829944E-080 -8.562220265035121E-080
        -144          36 -2.897962066850382E-083 -2.898112776618889E-083
        -144          45 -7.542514310428546E-088 -7.542545718797555E-088
        -144          54 -1.669416414635312E-093 -1.669418859470350E-093
        -144          63 -3.610429582493057E-100 -3.610433597597985E-100
        -144          72 -9.075689092707181E-108 -9.075699796475169E-108
        -144          81 -3.234108461267476E-116 -3.234106721691228E-116
        -144          90 -2.014776407576468E-125 -2.014778645454160E-125
        -144          99 -2.698367296194186E-135 -2.698369023259934E-135
        -144         108 -9.425530016163395E-146 -9.425521544247955E-146
        -144         117 -1.021413066256712E-156 -1.021413887138152E-156
        -144         126 -3.995985346374949E-168 -3.995977771186766E-168
        -144         135 -6.428596543339561E-180 -6.428604589567477E-180
        -144         144 -4.751154522516005E-192 -4.751148606879940E-192
        -135        -144  6.428602749966077E-180 -6.428599354628034E-180
        -135        -135  1.786345289033301E-167 -1.786344779100855E-167
        -135        -126  2.350800511541336E-155 -2.350793660086137E-155
        -135        -117  1.307475461071264E-143 -1.307474536143805E-143
        -135        -108  2.682089552399948E-132 -2.682093027576450E-132
        -135         -99  1.726407609538201E-121 -1.726405886955595E-121
        -135         -90  2.887994282529395E-111 -2.887994041160720E-111
        -135         -81  1.014430321446693E-101 -1.014431195112430E-101
        -135         -72  5.941929211349460E-093 -5.941925231609203E-093
        -135         -63  4.592994740542648E-085 -4.592982417578470E-085
        -135         -54  3.763185485149258E-078 -3.763188781631512E-078
        -135         -45  2.712430787171936E-072 -2.712437649499213E-072
        -135         -36  1.492013146052563E-067 -1.492066341712205E-067
        -135         -27  5.688511168112029E-064 -5.691500846412417E-064
        -135         -18  1.415510725816771E-061 -1.426891841318178E-061
        -135          -9  2.116817204002107E-060 -2.401057484986161E-060
        -135           0 -2.986485938096023E-068 -4.517873745235397E-060
        -135           9 -2.116820772572505E-060 -2.401056581519854E-060
        -135          18 -1.415512121251775E-061 -1.426891387221280E-061
        -135          27 -5.688519044247555E-064 -5.691499065013598E-064
        -135          36 -1.492015005603264E-067 -1.492066045819163E-067
        -135          45 -2.712430777346097E-072 -2.712438611810224E-072
        -135          54 -3.763189536513780E-078 -3.763187426867567E-078
        -135          63 -4.592985050876191E-085 -4.592984258507071E-085
        -135          72 -5.941925869529423E-093 -5.941925482603629E-093
        -135          81 -1.014431583782311E-101 -1.014430625023433E-101
        -135          90 -2.887993606767387E-111 -2.887994546139895E-111
        -135          99 -1.726408840603714E-121 -1.726404650664495E-121
        -135         108 -2.682089269457832E-132 -2.682093155441646E-132
        -135         117 -1.307475410918675E-143 -1.307474061046747E-143
        -135         126 -2.350795865829054E-155 -2.350797434266315E-155
        -135         135 -1.786343962976939E-167 -1.786346127218605E-167
        -135         144 -6.428604753605137E-180 -6.428598891695563E-180
        -126        -144  3.995985167100225E-168 -3.995980000749173E-168
        -126        -135  2.350799100298992E-155 -2.350794913774540E-155
        -126        -126  6.793932066331859E-143 -6.793926518174769E-143
        -126        -117  8.582814983480980E-131 -8.582854977317693E-131
        -126        -108  4.108069625970827E-119 -4.108060458240891E-119
        -126         -99  6.260285200654279E-108 -6.260273158159991E-108
        -126         -90  2.467909156477556E-097 -2.467908754353377E-097
        -126         -81  1.980910901850160E-087 -1.980914033914008E-087
        -126         -72  2.492185952595877E-078 -2.492187023250943E-078
        -126         -63  3.770180594118417E-070 -3.770184570622847E-070
        -126         -54  5.376997508682915E-063 -5.376998720860641E-063
        -126         -45  5.934169038580196E-057 -5.934176060245674E-057
        -126         -36  4.415799942086484E-052 -4.415922492351486E-052
        -126         -27  2.047037238381449E-048 -2.047917883765101E-048
        -126         -18  5.698802927467319E-046 -5.739757275129799E-046
        -126          -9  8.980845753463465E-045 -1.012471983402561E-044
        -126           0  1.956057692140261E-050 -1.910557677638809E-044
        -126           9 -8.980865382807799E-045 -1.012471319096116E-044
        -126          18 -5.698821938209717E-046 -5.739754745257501E-046
        -126          27 -2.047036630849393E-048 -2.047918728683456E-048
        -126          36 -4.415803301163969E-052 -4.415920257044959E-052
        -126          45 -5.934166866753271E-057 -5.934176654392576E-057
        -126          54 -5.377003401907112E-063 -5.376996714982486E-063
        -126          63 -3.770180910691078E-070 -3.770183573611571E-070
        -126          72 -2.492187731952883E-078 -2.492186645398179E-078
        -126          81 -1.980912848429464E-087 -1.980912485482663E-087
        -126          90 -2.467911877991196E-097 -2.467906726244579E-097
        -126          99 -6.260277347444131E-108 -6.260279733386521E-108
        -126         108 -4.108062002606581E-119 -4.108067333333659E-119
        -126         117 -8.582841787626581E-131 -8.582826436680212E-131
        -126         126 -6.793931180068180E-143 -6.793924969065323E-143
        -126         135 -2.350796857819264E-155 -2.350797497135290E-155
        -126         144 -3.995981499833459E-168 -3.995985597228145E-168
        -117        -144  1.021413674573404E-156 -1.021415005634760E-156
        -117        -135  1.307475456489187E-143 -1.307475519958213E-143
        -117        -126  8.582849999169492E-131 -8.582825240877632E-131
        -117        -117  2.562450377811734E-118 -2.562451625039014E-118
        -117        -108  2.989727589102046E-106 -2.989731064880703E-106
        -117         -99  1.126804912331926E-094 -1.126802560932102E-094
        -117         -90  1.085606725147980E-083 -1.085606497470880E-083
        -117         -81  2.029172951829680E-073 -2.029169444304311E-073
        -117         -72  5.425915422784235E-064 -5.425896797150165E-064
        -117         -63  1.527616341292497E-055 -1.527618080320703E-055
        -117         -54  3.450465008772705E-048 -3.450463232984782E-048
        -117         -45  5.102781496869880E-042 -5.102788668172751E-042
        -117         -36  4.394734724236702E-037 -4.394836352182000E-037
        -117         -27  2.123279372234022E-033 -2.124157902668743E-033
        -117         -18  5.839637780207932E-031 -5.882131590957764E-031
        -117          -9  9.011285127600773E-030 -1.018346182243980E-029
        -117           0 -1.150445411111796E-037 -1.919474519926025E-029
        -117           9 -9.011284046599775E-030 -1.018346084889298E-029
        -117          18 -5.839642940733423E-031 -5.882117498959403E-031
        -117          27 -2.123280497966135E-033 -2.124157973593232E-033
        -117          36 -4.394734612477549E-037 -4.394836410297429E-037
        -117          45 -5.102778699674285E-042 -5.102791870477909E-042
        -117          54 -3.450465803507979E-048 -3.450463139441598E-048
        -117          63 -1.527619097945495E-055 -1.527616517623182E-055
        -117          72 -5.425908508053046E-064 -5.425899185676499E-064
        -117          81 -2.029169408956277E-073 -2.029172164254646E-073
        -117          90 -1.085607238550741E-083 -1.085606220986051E-083
        -117          99 -1.126804192543582E-094 -1.126803075353148E-094
        -117         108 -2.989730560587238E-106 -2.989728697988617E-106
        -117         117 -2.562452115851275E-118 -2.562451697965597E-118
        -117         126 -8.582835147002127E-131 -8.582837131807496E-131
        -117         135 -1.307476122866192E-143 -1.307474506343989E-143
        -117         144 -1.021414470599130E-156 -1.021413854051744E-156
        -108        -144  9.425537864421293E-146 -9.425531302761315E-146
        -108        -135  2.682096710965459E-132 -2.682089433619392E-132
        -108        -126  4.108066859986394E-119 -4.108067897139185E-119
        -108        -117  2.989729447774267E-106 -2.989731240873412E-106
        -108        -108  8.773242914679139E-094 -8.773244239758406E-094
        -108         -99  8.376197124328792E-082 -8.376167593943826E-082
        -108         -90  1.980736266592564E-070 -1.980735135838715E-070
        -108         -81  8.343897112325426E-060 -8.343902782913895E-060
        -108         -72  4.334695840659405E-050 -4.334692197249250E-050
        -108         -63  1.926300915329855E-041 -1.926299060325775E-041
        -108         -54  5.380491119548601E-034 -5.380490580881414E-034
        -108         -45  7.732030519895933E-028 -7.732040625382251E-028
        -108         -36  5.348468416945272E-023 -5.348622265969640E-023
        -108         -27  1.880633797896350E-019 -1.881703324295181E-019
        -108         -18  3.814894458659726E-017 -3.852517333593401E-017
        -108          -9  4.842413171883543E-016 -5.609153763020961E-016
        -108           0 -2.086745106248024E-029 -1.045156639626285E-015
        -108           9 -4.842413171883734E-016 -5.609153763020972E-016
        -108          18 -3.814894458659935E-017 -3.852517333593372E-017
        -108          27 -1.880633797896321E-019 -1.881703324295204E-019
        -108          36 -5.348468416934302E-023 -5.348622265969858E-023
        -108          45 -7.732030479180753E-028 -7.732040645741448E-028
        -108          54 -5.380491840168847E-034 -5.380490991813958E-034
        -108          63 -1.926299456352540E-041 -1.926299657654214E-041
        -108          72 -4.334690610266138E-050 -4.334696246983759E-050
        -108          81 -8.343897591186430E-060 -8.343902733300324E-060
        -108          90 -1.980737174186090E-070 -1.980734007890195E-070
        -108          99 -8.376176220703293E-082 -8.376182009319307E-082
        -108         108 -8.773244081166464E-094 -8.773241473002290E-094
        -108         117 -2.989729832124730E-106 -2.989731668272865E-106
        -108         126 -4.108076241988725E-119 -4.108058931304501E-119
        -108         135 -2.682093552205944E-132 -2.682093688640276E-132
        -108         144 -9.425539973145936E-146 -9.425526338885733E-146
         -99        -144  2.698372534754572E-135 -2.698370365968728E-135
         -99        -135  1.726409264403574E-121 -1.726406512692739E-121
         -99        -126  6.260282237290467E-108 -6.260285099005293E-108
         -99        -117  1.126803923053769E-094 -1.126804920052080E-094
         -99        -108  8.376171276767121E-082 -8.376200824067210E-082
         -99         -99  1.999071069561587E-069 -1.999079102799222E-069
         -99         -90  1.098177917702438E-057 -1.098177912186317E-057
         -99         -81  9.185007460699530E-047 -9.184987909500405E-047
         -99         -72  7.326555391338307E-037 -7.326560753701403E-037
         -99         -63  3.510171782620722E-028 -3.510171210954120E-028
         -99         -54  6.970820531832046E-021 -6.970820694815354E-021
         -99         -45  4.722216466074991E-015 -4.722229730183552E-015
         -99         -36  1.118865241553172E-010 -1.118959587246098E-010
         -99         -27  1.180180227758086E-007 -1.182417903412748E-007
         -99         -18  8.181376643090462E-006 -8.417635593246585E-006
         -99          -9  5.177418023909789E-005 -6.837318551527352E-005
         -99           0  2.541098841742034E-018 -1.201473596422628E-004
         -99           9 -5.177418023909857E-005 -6.837318551527295E-005
         -99          18 -8.181376643090241E-006 -8.417635593246639E-006
         -99          27 -1.180180227758097E-007 -1.182417903412745E-007
         -99          36 -1.118865241553184E-010 -1.118959587246094E-010
         -99          45 -4.722216466075017E-015 -4.722229730183541E-015
         -99          54 -6.970820531832036E-021 -6.970820694815378E-021
         -99          63 -3.510173024432783E-028 -3.510171219570199E-028
         -99          72 -7.326558344109804E-037 -7.326554588663790E-037
         -99          81 -9.184993932272081E-047 -9.184991963297780E-047
         -99          90 -1.098177428120775E-057 -1.098178324212494E-057
         -99          99 -1.999075261809191E-069 -1.999073641066478E-069
         -99         108 -8.376181926630793E-082 -8.376182057106112E-082
         -99         117 -1.126803699769852E-094 -1.126804933147083E-094
         -99         126 -6.260289438339878E-108 -6.260277168121249E-108
         -99         135 -1.726407941802883E-121 -1.726409242541956E-121
         -99         144 -2.698372889637670E-135 -2.698370392786788E-135
         -90        -144  2.014781212406540E-125 -2.014778690259698E-125
         -90        -135  2.887998494224810E-111 -2.887996445022538E-111
         -90        -126  2.467910932587083E-097 -2.467913119568300E-097
         -90        -117  1.085608323222071E-083 -1.085607243617322E-083
         -90        -108  1.980740979796902E-070 -1.980732802864174E-070
         -90         -99  1.098178818993577E-057 -1.098178042559489E-057
         -90         -90  1.205374404042345E-045 -1.205372899925998E-045
         -90         -81  1.509240437497701E-034 -1.509237573385576E-034
         -90         -72  1.131564406960498E-024 -1.131564213702327E-024
         -90         -63  2.639338198538452E-016 -2.639338022282192E-016
         -90         -54  1.111241942635140E-009 -1.111242309958728E-009
         -90         -45  6.145417207453774E-005 -6.145638870090381E-005
         -90         -36  4.438518802201789E-002 -4.450809162801280E-002
         -90         -27  0.796865968569968      -0.885758843698063     
         -90         -18   1.66980305208476       -3.35241055457713     
         -90          -9   1.21031698800526       -6.23240962189284     
         -90           0  8.947209021847174E-015  -7.44262254932643     
         -90           9  -1.21031698800521       -6.23240962189282     
         -90          18  -1.66980305208476       -3.35241055457712     
         -90          27 -0.796865968569966      -0.885758843698063     
         -90          36 -4.438518802201812E-002 -4.450809162801260E-002
         -90          45 -6.145417207453737E-005 -6.145638870090390E-005
         -90          54 -1.111241942635133E-009 -1.111242309958730E-009
         -90          63 -2.639338198538405E-016 -2.639338022282213E-016
         -90          72 -1.131564406957117E-024 -1.131564212994631E-024
         -90          81 -1.509237790050874E-034 -1.509238051810844E-034
         -90          90 -1.205374221820579E-045 -1.205372969590425E-045
         -90          99 -1.098178635191862E-057 -1.098178003205974E-057
         -90         108 -1.980736398444542E-070 -1.980737263573896E-070
         -90         117 -1.085607583448509E-083 -1.085607465057039E-083
         -90         126 -2.467913420251264E-097 -2.467909346555045E-097
         -90         135 -2.887998717449945E-111 -2.887995846313261E-111
         -90         144 -2.014779321972877E-125 -2.014783091068079E-125
         -81        -144  3.234109991524318E-116 -3.234111946879606E-116
         -81        -135  1.014432732114826E-101 -1.014430934808777E-101
         -81        -126  1.980915864926209E-087 -1.980915180111759E-087
         -81        -117  2.029173179056524E-073 -2.029174428647082E-073
         -81        -108  8.343911352284839E-060 -8.343906540765758E-060
         -81         -99  9.185009792515399E-047 -9.184996418685935E-047
         -81         -90  1.509241354345412E-034 -1.509237678750684E-034
         -81         -81  1.675313182828583E-023 -1.675312871884286E-023
         -81         -72  4.648788627305820E-014 -4.648788262924448E-014
         -81         -63  1.014231880152143E-006 -1.014231815699274E-006
         -81         -54  4.511465751683361E-002 -4.511667766000097E-002
         -81         -45   2.45957773950603       -2.54968535975180     
         -81         -36   6.21671112485348       -11.1370763217207     
         -81         -27   7.38425974555225       -23.0555351895689     
         -81         -18   6.64214735774345       -32.1486092730554     
         -81          -9   3.77776980170738       -36.8083976849172     
         -81           0 -3.210322632729579E-014  -38.1656339520671     
         -81           9  -3.77776980170734       -36.8083976849173     
         -81          18  -6.64214735774346       -32.1486092730554     
         -81          27  -7.38425974555223       -23.0555351895689     
         -81          36  -6.21671112485350       -11.1370763217207     
         -81          45  -2.45957773950602       -2.54968535975181     
         -81          54 -4.511465751683329E-002 -4.511667766000114E-002
         -81          63 -1.014231880152154E-006 -1.014231815699267E-006
         -81          72 -4.648788627305818E-014 -4.648788262924448E-014
         -81          81 -1.675313182889863E-023 -1.675312871868580E-023
         -81          90 -1.509238819463011E-034 -1.509238643488132E-034
         -81          99 -9.184997736580814E-047 -9.185009940001475E-047
         -81         108 -8.343912198918835E-060 -8.343902366457004E-060
         -81         117 -2.029173683307896E-073 -2.029172927126932E-073
         -81         126 -1.980915448940881E-087 -1.980915166242497E-087
         -81         135 -1.014432068186758E-101 -1.014432386506590E-101
         -81         144 -3.234110285076578E-116 -3.234112381133244E-116
         -72        -144  9.075698844137814E-108 -9.075690676340455E-108
         -72        -135  5.941929374916888E-093 -5.941926223743264E-093
         -72        -126  2.492189030720430E-078 -2.492188384367568E-078
         -72        -117  5.425916603522896E-064 -5.425897829206321E-064
         -72        -108  4.334699266388120E-050 -4.334701252383988E-050
         -72         -99  7.326564532757645E-037 -7.326564456337650E-037
         -72         -90  1.131565756514997E-024 -1.131565515942071E-024
         -72         -81  4.648792030676830E-014 -4.648791615159167E-014
         -72         -72  8.396532738748700E-006 -8.396531283831708E-006
         -72         -63  0.388338038436068      -0.388352723609665     
         -72         -54   6.46835998831184       -7.15481573876155     
         -72         -45   13.3602736603192       -21.9741731122039     
         -72         -36   16.3866339081335       -34.4573723709971     
         -72         -27   13.5757691362169       -38.9003122794462     
         -72         -18   8.63008757345533       -37.9866592270361     
         -72          -9   3.94742625432175       -35.4844493521963     
         -72           0 -3.617982649584128E-014  -34.2968634682600     
         -72           9  -3.94742625432178       -35.4844493521963     
         -72          18  -8.63008757345532       -37.9866592270362     
         -72          27  -13.5757691362169       -38.9003122794462     
         -72          36  -16.3866339081335       -34.4573723709971     
         -72          45  -13.3602736603192       -21.9741731122038     
         -72          54  -6.46835998831183       -7.15481573876153     
         -72          63 -0.388338038436066      -0.388352723609663     
         -72          72 -8.396532738748651E-006 -8.396531283831770E-006
         -72          81 -4.648792030676818E-014 -4.648791615159109E-014
         -72          90 -1.131565756568069E-024 -1.131565516140510E-024
         -72          99 -7.326567801204122E-037 -7.326563258202596E-037
         -72         108 -4.334698987843710E-050 -4.334703036397157E-050
         -72         117 -5.425906023565491E-064 -5.425913716912303E-064
         -72         126 -2.492189473070703E-078 -2.492188035213546E-078
         -72         135 -5.941931369594991E-093 -5.941925894215583E-093
         -72         144 -9.075701113713990E-108 -9.075690894288669E-108
         -63        -144  3.610419827205524E-100 -3.610423520386058E-100
         -63        -135  4.592979959116041E-085 -4.592969743182640E-085
         -63        -126  3.770180172623996E-070 -3.770183347577230E-070
         -63        -117  1.527617961698158E-055 -1.527617594091004E-055
         -63        -108  1.926301516491389E-041 -1.926301250041107E-041
         -63         -99  3.510176859889581E-028 -3.510175948037732E-028
         -63         -90  2.639342554303129E-016 -2.639342250011506E-016
         -63         -81  1.014233503788150E-006 -1.014233209287341E-006
         -63         -72  0.388353178128706      -0.388338322806481     
         -63         -63   8.67204135846406       -8.67203615967759     
         -63         -54   20.5616954004866       -24.2825861887771     
         -63         -45   23.0138925535096       -33.2101350070866     
         -63         -36   16.2682897292165       -30.2621573383256     
         -63         -27   8.10119918713695       -20.2262624895495     
         -63         -18   3.70699708171217       -10.7422307378014     
         -63          -9   1.38164657433575       -5.75555859062195     
         -63           0  4.864833147392588E-015  -4.37736134691661     
         -63           9  -1.38164657433576       -5.75555859062195     
         -63          18  -3.70699708171216       -10.7422307378014     
         -63          27  -8.10119918713696       -20.2262624895495     
         -63          36  -16.2682897292165       -30.2621573383256     
         -63          45  -23.0138925535096       -33.2101350070866     
         -63          54  -20.5616954004866       -24.2825861887771     
         -63          63  -8.67204135846406       -8.67203615967757     
         -63          72 -0.388353178128706      -0.388338322806482     
         -63          81 -1.014233503788150E-006 -1.014233209287320E-006
         -63          90 -2.639342554303130E-016 -2.639342250011505E-016
         -63          99 -3.510176908917920E-028 -3.510176108370343E-028
         -63         108 -1.926303175707629E-041 -1.926300381109550E-041
         -63         117 -1.527617471737973E-055 -1.527620116470948E-055
         -63         126 -3.770181394547694E-070 -3.770178224769088E-070
         -63         135 -4.592976210885730E-085 -4.592976917279503E-085
         -63         144 -3.610421552102194E-100 -3.610418806007735E-100
         -54        -144  1.669400656186158E-093 -1.669399279238629E-093
         -54        -135  3.763161523517019E-078 -3.763146883275910E-078
         -54        -126  5.376969213513426E-063 -5.376968596128630E-063
         -54        -117  3.450452729238872E-048 -3.450450514111949E-048
         -54        -108  5.380482684117008E-034 -5.380480585789077E-034
         -54         -99  6.970820738500107E-021 -6.970819065167847E-021
         -54         -90  1.111243734655005E-009 -1.111242938721821E-009
         -54         -81  4.511676859216433E-002 -4.511473319372496E-002
         -54         -72   7.15483266490063       -6.46836782979281     
         -54         -63   24.2826279945464       -20.5617066712387     
         -54         -54   28.2167640719128       -28.2167503473807     
         -54         -45   17.1817968272088       -21.1121082330216     
         -54         -36   6.23796015696869       -8.19761656049677     
         -54         -27   1.11313049760182       -1.21509257927090     
         -54         -18  4.926238983098924E-002 -5.331334873584966E-002
         -54          -9  1.724908378752658E-003 -2.326834009246785E-003
         -54           0 -3.234609187785473E-018 -6.019264336788848E-004
         -54           9 -1.724908378752666E-003 -2.326834009246785E-003
         -54          18 -4.926238983098909E-002 -5.331334873584991E-002
         -54          27  -1.11313049760182       -1.21509257927090     
         -54          36  -6.23796015696868       -8.19761656049677     
         -54          45  -17.1817968272088       -21.1121082330216     
         -54          54  -28.2167640719128       -28.2167503473807     
         -54          63  -24.2826279945464       -20.5617066712387     
         -54          72  -7.15483266490062       -6.46836782979280     
         -54          81 -4.511676859216427E-002 -4.511473319372448E-002
         -54          90 -1.111243734655014E-009 -1.111242938721821E-009
         -54          99 -6.970820738500123E-021 -6.970819065167436E-021
         -54         108 -5.380486011331195E-034 -5.380480232369903E-034
         -54         117 -3.450451802501719E-048 -3.450451008299150E-048
         -54         126 -5.376971072353074E-063 -5.376963608473605E-063
         -54         135 -3.763158924617481E-078 -3.763151519874314E-078
         -54         144 -1.669400511616668E-093 -1.669399315507244E-093
         -45        -144  7.542315694724123E-088 -7.542287796913381E-088
         -45        -135  2.712371545531420E-072 -2.712361110143117E-072
         -45        -126  5.934057971906138E-057 -5.934056462130216E-057
         -45        -117  5.102712311438944E-042 -5.102702841150787E-042
         -45        -108  7.731958663157710E-028 -7.731946370170218E-028
         -45         -99  4.722199201507627E-015 -4.722183769572055E-015
         -45         -90  6.145621855649933E-005 -6.145398433662108E-005
         -45         -81   2.54968729149485       -2.45957727125399     
         -45         -72   21.9742453120043       -13.3602841921746     
         -45         -63   33.2102569422857       -23.0139222114531     
         -45         -54   21.1121519066757       -17.1818175257932     
         -45         -45   5.25290853823401       -5.25291029567711     
         -45         -36  0.184017209882226      -0.184553595805339     
         -45         -27  3.068752040357713E-004 -3.077505526569744E-004
         -45         -18  1.433679556218304E-004 -1.441012366214603E-004
         -45          -9  2.625223331829635E-003 -2.911902479906367E-003
         -45           0 -1.160435349784203E-017 -5.537124845305608E-003
         -45           9 -2.625223331829619E-003 -2.911902479906378E-003
         -45          18 -1.433679556218317E-004 -1.441012366214593E-004
         -45          27 -3.068752040357715E-004 -3.077505526569743E-004
         -45          36 -0.184017209882226      -0.184553595805340     
         -45          45  -5.25290853823400       -5.25291029567712     
         -45          54  -21.1121519066757       -17.1818175257932     
         -45          63  -33.2102569422856       -23.0139222114531     
         -45          72  -21.9742453120043       -13.3602841921746     
         -45          81  -2.54968729149486       -2.45957727125399     
         -45          90 -6.145621855649930E-005 -6.145398433662135E-005
         -45          99 -4.722199201507588E-015 -4.722183769572084E-015
         -45         108 -7.731958707228896E-028 -7.731951556930707E-028
         -45         117 -5.102713148154008E-042 -5.102703178809435E-042
         -45         126 -5.934060178292568E-057 -5.934046222388582E-057
         -45         135 -2.712371992483147E-072 -2.712361789834437E-072
         -45         144 -7.542315062590649E-088 -7.542290050571381E-088
         -36        -144  2.897883951005563E-083 -2.897732993304676E-083
         -36        -135  1.491964895330389E-067 -1.491907838909559E-067
         -36        -126  4.415663452677709E-052 -4.415539336364455E-052
         -36        -117  4.394622039142526E-037 -4.394518651661804E-037
         -36        -108  5.348413649261569E-023 -5.348256643950822E-023
         -36         -99  1.118926901719720E-010 -1.118832185052928E-010
         -36         -90  4.450726168590528E-002 -4.438433468552987E-002
         -36         -81   11.1370225391691       -6.21663979088500     
         -36         -72   34.4575677796340       -16.3865383375773     
         -36         -63   30.2624086497407       -16.2682876295707     
         -36         -54   8.19765433971486       -6.23798359257170     
         -36         -45  0.184553837112608      -0.184017710835302     
         -36         -36  4.549429972532982E-005 -4.560555159161815E-005
         -36         -27  4.510290041816537E-002 -4.511573130763699E-002
         -36         -18   2.75497858415270       -2.84491061911514     
         -36          -9   6.34739744871807       -11.9417502478447     
         -36           0  1.881014536297097E-014  -18.2838972421079     
         -36           9  -6.34739744871809       -11.9417502478447     
         -36          18  -2.75497858415269       -2.84491061911515     
         -36          27 -4.510290041816566E-002 -4.511573130763691E-002
         -36          36 -4.549429972532987E-005 -4.560555159161828E-005
         -36          45 -0.184553837112608      -0.184017710835302     
         -36          54  -8.19765433971485       -6.23798359257170     
         -36          63  -30.2624086497407       -16.2682876295708     
         -36          72  -34.4575677796341       -16.3865383375774     
         -36          81  -11.1370225391690       -6.21663979088503     
         -36          90 -4.450726168590530E-002 -4.438433468553006E-002
         -36          99 -1.118926901719732E-010 -1.118832185052912E-010
         -36         108 -5.348413649261982E-023 -5.348256643944571E-023
         -36         117 -4.394622039140809E-037 -4.394518627362133E-037
         -36         126 -4.415662747655896E-052 -4.415540823013418E-052
         -36         135 -1.491963950401676E-067 -1.491910810198955E-067
         -36         144 -2.897884919983181E-083 -2.897730176323260E-083
         -27        -144  8.560477990075116E-080 -8.554690464239652E-080
         -27        -135  5.690456656020543E-064 -5.687443422100379E-064
         -27        -126  2.047577747220857E-048 -2.046696539561283E-048
         -27        -117  2.123846242237660E-033 -2.122965454607739E-033
         -27        -108  1.881464524742588E-019 -1.880394124672226E-019
         -27         -99  1.182294362255153E-007 -1.180056037344038E-007
         -27         -90  0.885693839975380      -0.796801931923303     
         -27         -81   23.0550327621537       -7.38371672306302     
         -27         -72   38.9009689638770       -13.5751512237320     
         -27         -63   20.2267614215399       -8.10107071908430     
         -27         -54   1.21510552843536       -1.11314102339510     
         -27         -45  3.076702468414214E-004 -3.070128602453242E-004
         -27         -36  4.511571569562336E-002 -4.510313685495251E-002
         -27         -27   9.13776625532117       -9.13776657030710     
         -27         -18   32.1517863849354       -44.8274427376585     
         -27          -9   27.8201655925861       -86.6001788896469     
         -27           0 -2.168404344971009E-015  -101.730799958807     
         -27           9  -27.8201655925861       -86.6001788896469     
         -27          18  -32.1517863849354       -44.8274427376585     
         -27          27  -9.13776625532116       -9.13776657030711     
         -27          36 -4.511571569562350E-002 -4.510313685495244E-002
         -27          45 -3.076702468414203E-004 -3.070128602453261E-004
         -27          54  -1.21510552843536       -1.11314102339511     
         -27          63  -20.2267614215398       -8.10107071908427     
         -27          72  -38.9009689638771       -13.5751512237320     
         -27          81  -23.0550327621536       -7.38371672306304     
         -27          90 -0.885693839975382      -0.796801931923305     
         -27          99 -1.182294362255146E-007 -1.180056037344038E-007
         -27         108 -1.881464524742585E-019 -1.880394124672229E-019
         -27         117 -2.123845624622232E-033 -2.122966841290550E-033
         -27         126 -2.047578089016830E-048 -2.046693994226500E-048
         -27         135 -5.690449121467939E-064 -5.687461573766736E-064
         -27         144 -8.560479625245325E-080 -8.554678722085714E-080
         -18        -144  1.825813263788389E-077 -1.808695459151885E-077
         -18        -135  1.426187322620108E-061 -1.414806774126606E-061
         -18        -126  5.737086456551286E-046 -5.696154357265727E-046
         -18        -117  5.879568312041077E-031 -5.837097928827257E-031
         -18        -108  3.850985315558828E-017 -3.813363589582979E-017
         -18         -99  8.414669127612872E-006 -8.178429222127596E-006
         -18         -90   3.35163340486860       -1.66915105323653     
         -18         -81   32.1461649332461       -6.63926362162245     
         -18         -72   37.9895106575823       -8.62740966098725     
         -18         -63   10.7433527239360       -3.70655233345204     
         -18         -54  5.331525611078595E-002 -4.926389291755123E-002
         -18         -45  1.440348708776829E-004 -1.435367781373683E-004
         -18         -36   2.84494822038105       -2.75501627508601     
         -18         -27   44.8275135699356       -32.1519325046693     
         -18         -18   65.0864340998283       -65.0866509609186     
         -18          -9   22.0815491467000       -50.5099457050168     
         -18           0 -2.099014479489651E-014  -29.6407080736441     
         -18           9  -22.0815491466999       -50.5099457050168     
         -18          18  -65.0864340998283       -65.0866509609186     
         -18          27  -44.8275135699357       -32.1519325046693     
         -18          36  -2.84494822038105       -2.75501627508601     
         -18          45 -1.440348708776827E-004 -1.435367781373682E-004
         -18          54 -5.331525611078618E-002 -4.926389291755121E-002
         -18          63  -10.7433527239360       -3.70655233345205     
         -18          72  -37.9895106575823       -8.62740966098727     
         -18          81  -32.1461649332461       -6.63926362162246     
         -18          90  -3.35163340486860       -1.66915105323654     
         -18          99 -8.414669127612955E-006 -8.178429222127145E-006
         -18         108 -3.850985315558796E-017 -3.813363589583114E-017
         -18         117 -5.879568277503959E-031 -5.837095802540893E-031
         -18         126 -5.737088104945731E-046 -5.696139165512805E-046
         -18         135 -1.426186836841314E-061 -1.414808270429232E-061
         -18         144 -1.825812917440323E-077 -1.808696288968104E-077
          -9        -144  2.851184785431837E-076 -2.487732842588139E-076
          -9        -135  2.397977291881007E-060 -2.113872140568680E-060
          -9        -126  1.011194208062518E-044 -8.968606314942979E-045
          -9        -117  1.017090540379611E-029 -8.999221110520811E-030
          -9        -108  5.602475429198806E-016 -4.836033407510365E-016
          -9         -99  6.829791531917871E-005 -5.170474054073987E-005
          -9         -90   6.22774912313996       -1.20707694403770     
          -9         -81   36.7978789094019       -3.76473657492210     
          -9         -72   35.4971854199858       -3.93588153687258     
          -9         -63   5.75889137590570       -1.37989521491790     
          -9         -54  2.327406023009604E-003 -1.725104407115796E-003
          -9         -45  2.912033748752714E-003 -2.625590835860491E-003
          -9         -36   11.9425154478586       -6.34808802632187     
          -9         -27   86.6002133043585       -27.8214383067149     
          -9         -18   50.5091467565028       -22.0821315605449     
          -9          -9  0.606162219652386      -0.606162219551785     
          -9           0  9.264422860594211E-021 -1.287899784633956E-005
          -9           9 -0.606162219652388      -0.606162219551783     
          -9          18  -50.5091467565028       -22.0821315605449     
          -9          27  -86.6002133043586       -27.8214383067150     
          -9          36  -11.9425154478586       -6.34808802632189     
          -9          45 -2.912033748752708E-003 -2.625590835860500E-003
          -9          54 -2.327406023009596E-003 -1.725104407115795E-003
          -9          63  -5.75889137590570       -1.37989521491789     
          -9          72  -35.4971854199857       -3.93588153687259     
          -9          81  -36.7978789094019       -3.76473657492210     
          -9          90  -6.22774912313997       -1.20707694403768     
          -9          99 -6.829791531917840E-005 -5.170474054074144E-005
          -9         108 -5.602475429198863E-016 -4.836033407510054E-016
          -9         117 -1.017090521635674E-029 -8.999221311820543E-030
          -9         126 -1.011194972775594E-044 -8.968588535511986E-045
          -9         135 -2.397977403951875E-060 -2.113867986971551E-060
          -9         144 -2.851184976808525E-076 -2.487731191439272E-076
           0        -144  5.333110891478771E-076  5.821117972322545E-079
           0        -135  4.506718111742696E-060  5.154765781537357E-063
           0        -126  1.905775994836744E-044  2.286279295574478E-047
           0        -117  1.914599002036344E-029  2.420037052196860E-032
           0        -108  1.042453960912073E-015  1.399763466241666E-018
           0         -99  1.198292740890315E-004  1.735995193646680E-007
           0         -90   7.42350670876278       1.122699752324818E-002
           0         -81   38.1163476351252       5.472413084941698E-002
           0         -72   34.3503225188530       5.436034480537680E-002
           0         -63   4.39331323917174       1.086459585003452E-002
           0         -54  6.041365484952235E-004  1.463644520409053E-006
           0         -45  5.538101992702487E-003 -8.474815826112464E-007
           0         -36   18.2897186054766      -4.367508903865069E-003
           0         -27   101.736042136493      -1.404848090651792E-002
           0         -18   29.6296451860961      -9.681705627240017E-003
           0          -9  1.289887094037461E-005  1.953116996597603E-008
           0           0 -6.018531076210112E-034  1.459476903861705E-018
           0           9 -1.289887094037461E-005  1.953116996596875E-008
           0          18  -29.6296451860961      -9.681705627221109E-003
           0          27  -101.736042136493      -1.404848090650048E-002
           0          36  -18.2897186054766      -4.367508903866526E-003
           0          45 -5.538101992702483E-003 -8.474815825946448E-007
           0          54 -6.041365484952248E-004  1.463644520412224E-006
           0          63  -4.39331323917174       1.086459585002897E-002
           0          72  -34.3503225188530       5.436034480538785E-002
           0          81  -38.1163476351253       5.472413084941016E-002
           0          90  -7.42350670876278       1.122699752322474E-002
           0          99 -1.198292740890321E-004  1.735995193673163E-007
           0         108 -1.042453960912069E-015  1.399763466209118E-018
           0         117 -1.914598909955259E-029  2.420324640972914E-032
           0         126 -1.905776835001730E-044  2.284848492329598E-047
           0         135 -4.506716963151696E-060  5.146076822999348E-063
           0         144 -5.333110442278762E-076  5.828874555912254E-079
           9        -144  2.843786025580073E-076  2.483523340270804E-076
           9        -135  2.391509313863890E-060  2.110075776473913E-060
           9        -126  1.008337285490404E-044  8.951610472784722E-045
           9        -117  1.014032958803179E-029  8.981522560965036E-030
           9        -108  5.583867910842636E-016  4.826702369102943E-016
           9         -99  6.801077205249234E-005  5.164511910051840E-005
           9         -90   6.17691635664091        1.23547759347446     
           9         -81   36.5654303812050        3.98955116688937     
           9         -72   35.6650769507636        4.22617364158908     
           9         -63   5.87442564875218        1.47385138517390     
           9         -54  2.408840309787865E-003  1.802873893527688E-003
           9         -45  2.912881156515418E-003  2.625703270044997E-003
           9         -36   11.9566132815356        6.34272305287817     
           9         -27   86.7810686925571        27.6404836631740     
           9         -18   50.3326936097028        21.8880428844057     
           9          -9  0.587669238309980       0.587656645994705     
           9           0 -8.271806125539305E-022  3.267603267330948E-007
           9           9 -0.587669238309979       0.587656645994707     
           9          18  -50.3326936097028        21.8880428844058     
           9          27  -86.7810686925570        27.6404836631740     
           9          36  -11.9566132815356        6.34272305287817     
           9          45 -2.912881156515421E-003  2.625703270044995E-003
           9          54 -2.408840309787866E-003  1.802873893527677E-003
           9          63  -5.87442564875218        1.47385138517390     
           9          72  -35.6650769507636        4.22617364158908     
           9          81  -36.5654303812051        3.98955116688941     
           9          90  -6.17691635664093        1.23547759347449     
           9          99 -6.801077205249312E-005  5.164511910051661E-005
           9         108 -5.583867910842541E-016  4.826702369103194E-016
           9         117 -1.014032885637960E-029  8.981522511151499E-030
           9         126 -1.008337384189723E-044  8.951601572279904E-045
           9         135 -2.391508033740792E-060  2.110076916354488E-060
           9         144 -2.843785369389790E-076  2.483522216241768E-076
          18        -144  1.809673558899511E-077  1.793017328988552E-077
          18        -135  1.412707325697425E-061  1.401667240354603E-061
          18        -126  5.678726120480708E-046  5.639147285340527E-046
          18        -117  5.814546047348637E-031  5.773688524369960E-031
          18        -108  3.803843104688434E-017  3.767882518032807E-017
          18         -99  8.294733933649673E-006  8.070994124989338E-006
          18         -90   3.25606733495920        1.68549814310531     
          18         -81   31.0687604883567        7.34899909837176     
          18         -72   38.1993069941847        10.0749106000573     
          18         -63   11.6962947347082        4.47118834857493     
          18         -54  6.399824443014500E-002  5.978721201518249E-002
          18         -45  1.443634360226327E-004  1.435124894067759E-004
          18         -36   2.85517909832528        2.76424893550566     
          18         -27   45.4427724915768        31.9062194312887     
          18         -18   69.4324200467755        59.8972312744963     
          18          -9   31.6318581334485        31.0537030304324     
          18           0  4.770481287130094E-016  0.597170653943077     
          18           9  -31.6318581334484        31.0537030304324     
          18          18  -69.4324200467755        59.8972312744963     
          18          27  -45.4427724915768        31.9062194312887     
          18          36  -2.85517909832528        2.76424893550565     
          18          45 -1.443634360226326E-004  1.435124894067761E-004
          18          54 -6.399824443014469E-002  5.978721201518282E-002
          18          63  -11.6962947347083        4.47118834857492     
          18          72  -38.1993069941847        10.0749106000573     
          18          81  -31.0687604883568        7.34899909837172     
          18          90  -3.25606733495922        1.68549814310529     
          18          99 -8.294733933649499E-006  8.070994124989623E-006
          18         108 -3.803843104688514E-017  3.767882518032566E-017
          18         117 -5.814546094054722E-031  5.773689114110141E-031
          18         126 -5.678726794500220E-046  5.639150857838627E-046
          18         135 -1.412707612972578E-061  1.401667620649680E-061
          18         144 -1.809673753766182E-077  1.793015664711836E-077
          27        -144  8.332467275784861E-080  8.327634457167434E-080
          27        -135  5.521931716403591E-064  5.519568630325508E-064
          27        -126  1.979463041116350E-048  1.978808083514523E-048
          27        -117  2.043353737434591E-033  2.042764076127249E-033
          27        -108  1.798490509693450E-019  1.797873016920645E-019
          27         -99  1.119276831735977E-007  1.118168314151642E-007
          27         -90  0.807746055926035       0.762842535997297     
          27         -81   19.3029573200093        9.31350802537757     
          27         -72   36.6143228186960        19.9384715101873     
          27         -63   25.1904578949824        13.6330803807474     
          27         -54   2.36633792644143        2.24799597152449     
          27         -45  2.716395390123625E-003  2.728329691541463E-003
          27         -36  4.555915361483591E-002  4.567083123620005E-002
          27         -27   9.58292006640225        9.57317302436278     
          27         -18   41.8189474620251        45.0554872623461     
          27          -9   72.7410505528670        60.4032971855818     
          27           0  6.028164079019405E-015   49.7506378925729     
          27           9  -72.7410505528669        60.4032971855818     
          27          18  -41.8189474620251        45.0554872623461     
          27          27  -9.58292006640227        9.57317302436278     
          27          36 -4.555915361483587E-002  4.567083123619980E-002
          27          45 -2.716395390123616E-003  2.728329691541474E-003
          27          54  -2.36633792644143        2.24799597152449     
          27          63  -25.1904578949824        13.6330803807474     
          27          72  -36.6143228186960        19.9384715101873     
          27          81  -19.3029573200093        9.31350802537758     
          27          90 -0.807746055926033       0.762842535997303     
          27          99 -1.119276831735985E-007  1.118168314151621E-007
          27         108 -1.798490509693432E-019  1.797873016920736E-019
          27         117 -2.043353852607366E-033  2.042762873891888E-033
          27         126 -1.979462466389030E-048  1.978807239694313E-048
          27         135 -5.521935358805685E-064  5.519554295351932E-064
          27         144 -8.332470297862435E-080  8.327628113054709E-080
          36        -144  2.420117990014666E-083  2.420091045682317E-083
          36        -135  1.188142767125728E-067  1.188137202100306E-067
          36        -126  3.286868520788203E-052  3.286861335458522E-052
          36        -117  2.960481377075322E-037  2.960480325602954E-037
          36        -108  3.090967927065410E-023  3.090969489820366E-023
          36         -99  5.545280813210224E-011  5.545282272253174E-011
          36         -90  2.245212072056631E-002  2.245212953128695E-002
          36         -81   5.75790458743520        5.80215478450175     
          36         -72   17.6248595452413        27.7117707848049     
          36         -63   31.1561295377051        47.0410253363263     
          36         -54   23.0655593681177        31.7612532554405     
          36         -45   5.37417900893173        7.93584576247364     
          36         -36  0.622834321288663        1.94416757916257     
          36         -27 -0.113436802706175        1.53574789239974     
          36         -18   10.3083479366972        7.26039101259435     
          36          -9   50.9595166732184        45.2047163907834     
          36           0 -6.331740687315346E-015   77.6389108100135     
          36           9  -50.9595166732184        45.2047163907834     
          36          18  -10.3083479366972        7.26039101259434     
          36          27  0.113436802706171        1.53574789239974     
          36          36 -0.622834321288645        1.94416757916257     
          36          45  -5.37417900893175        7.93584576247362     
          36          54  -23.0655593681177        31.7612532554406     
          36          63  -31.1561295377051        47.0410253363263     
          36          72  -17.6248595452413        27.7117707848048     
          36          81  -5.75790458743520        5.80215478450176     
          36          90 -2.245212072056631E-002  2.245212953128683E-002
          36          99 -5.545280813210133E-011  5.545282272253424E-011
          36         108 -3.090967927065456E-023  3.090969489821640E-023
          36         117 -2.960480849972242E-037  2.960480709496775E-037
          36         126 -3.286866873181958E-052  3.286861102846202E-052
          36         135 -1.188142909225782E-067  1.188136090510074E-067
          36         144 -2.420119794752526E-083  2.420085115289663E-083
          45        -144  1.715162486364360E-088  1.715163575798767E-088
          45        -135  3.643383863737619E-073  3.643390837694831E-073
          45        -126  3.510604252298816E-058  3.510606266760553E-058
          45        -117  7.335909029932666E-044  7.335921110437009E-044
          45        -108  5.269969782279669E-031  5.269972361375401E-031
          45         -99  2.718505624231127E-020  2.718507702316479E-020
          45         -90  2.074491935371865E-010  2.074492433598203E-010
          45         -81  3.292734263382343E-004  3.292739420225549E-004
          45         -72  0.736710623168290       0.736459859478277     
          45         -63   16.7203491823333        12.7311735579045     
          45         -54   35.7553006496519        29.7570238758982     
          45         -45   13.8870920099071        32.3798089514180     
          45         -36   2.18756074101317        28.2938705920925     
          45         -27 -0.664780194881963        27.6889219298780     
          45         -18   4.35956931198057        28.4644098502487     
          45          -9   17.8786051183416        29.5497803841501     
          45           0 -3.859759734048396E-014   30.1964998387349     
          45           9  -17.8786051183416        29.5497803841501     
          45          18  -4.35956931198056        28.4644098502486     
          45          27  0.664780194881983        27.6889219298780     
          45          36  -2.18756074101317        28.2938705920925     
          45          45  -13.8870920099071        32.3798089514179     
          45          54  -35.7553006496519        29.7570238758982     
          45          63  -16.7203491823333        12.7311735579044     
          45          72 -0.736710623168284       0.736459859478279     
          45          81 -3.292734263382310E-004  3.292739420225527E-004
          45          90 -2.074491935371730E-010  2.074492433598205E-010
          45          99 -2.718505624231620E-020  2.718507702316134E-020
          45         108 -5.269969742022926E-031  5.269973552864693E-031
          45         117 -7.335909935984745E-044  7.335919672451926E-044
          45         126 -3.510604091092507E-058  3.510608427838854E-058
          45         135 -3.643384691656785E-073  3.643387862440068E-073
          45         144 -1.715164070947479E-088  1.715159759271258E-088
          54        -144  8.632580198476001E-096  8.632594932899480E-096
          54        -135  3.558835464298624E-081  3.558851645056396E-081
          54        -126  3.938326417797412E-067  3.938344525026694E-067
          54        -117  3.646412064748756E-054  3.646409352501514E-054
          54        -108  8.560690174784268E-044  8.560694993767086E-044
          54         -99 -1.369651972974347E-034 -3.406901197538554E-034
          54         -90  6.251172979693236E-021 -6.894352839165360E-021
          54         -81  2.687039027791301E-009 -2.686990433674667E-009
          54         -72  4.164723197678866E-002 -4.073745702381112E-002
          54         -63   5.41435810466164      -3.438583084138015E-002
          54         -54   23.0895634257747        6.91152614916011     
          54         -45   17.0039749156001        13.8376408495992     
          54         -36   6.55024716287362        10.4440447372444     
          54         -27  0.849409677946149        5.17213646055156     
          54         -18   1.75825771593094        5.48378003438833     
          54          -9   7.63688221328485        17.2414497793202     
          54           0 -2.683400376901623E-014   26.8364555843471     
          54           9  -7.63688221328486        17.2414497793202     
          54          18  -1.75825771593094        5.48378003438833     
          54          27 -0.849409677946124        5.17213646055155     
          54          36  -6.55024716287364        10.4440447372444     
          54          45  -17.0039749156001        13.8376408495992     
          54          54  -23.0895634257746        6.91152614916010     
          54          63  -5.41435810466165      -3.438583084136904E-002
          54          72 -4.164723197678701E-002 -4.073745702381306E-002
          54          81 -2.687039027791975E-009 -2.686990433671823E-009
          54          90 -6.251172979689264E-021 -6.894352839176243E-021
          54          99  1.369651920908025E-034 -3.406902491355792E-034
          54         108 -8.560657354707755E-044  8.560689100213761E-044
          54         117 -3.646409057419115E-054  3.646412515398284E-054
          54         126 -3.938332763041200E-067  3.938333782463441E-067
          54         135 -3.558839257101442E-081  3.558843541957115E-081
          54         144 -8.632580062919712E-096  8.632597671971250E-096
          63        -144  4.619878947230367E-105  4.619876595608919E-105
          63        -135 -1.355616926361163E-091 -1.355601022100358E-091
          63        -126 -1.615967192836180E-076 -1.615966459998527E-076
          63        -117 -1.093075608972117E-062 -1.093075832637984E-062
          63        -108  8.998960736159952E-050  8.998424692875179E-050
          63         -99  1.018687240432753E-034  1.018692363395506E-034
          63         -90  6.573064843396037E-021  6.573070757717326E-021
          63         -81  2.687081007367262E-009  2.687080331331779E-009
          63         -72  4.119501888003269E-002  4.119007213134208E-002
          63         -63   2.84983474468601        2.59982502119217     
          63         -54   11.3884044411460        9.91962801866920     
          63         -45   14.7414435242465        16.9572458804274     
          63         -36   10.7486126050204        18.4150397893841     
          63         -27   3.91678592934540        16.4212227368631     
          63         -18  -2.66821282011951        17.4686804627707     
          63          -9  -6.58134841682168        24.3557166025936     
          63           0  1.409462824231156E-016   28.9789438016162     
          63           9   6.58134841682171        24.3557166025937     
          63          18   2.66821282011947        17.4686804627708     
          63          27  -3.91678592934539        16.4212227368631     
          63          36  -10.7486126050204        18.4150397893841     
          63          45  -14.7414435242465        16.9572458804275     
          63          54  -11.3884044411460        9.91962801866922     
          63          63  -2.84983474468601        2.59982502119216     
          63          72 -4.119501888003101E-002  4.119007213134340E-002
          63          81 -2.687081007367937E-009  2.687080331330462E-009
          63          90 -6.573064843392065E-021  6.573070757728901E-021
          63          99 -1.018687208093259E-034  1.018690541834517E-034
          63         108 -8.998956846730419E-050  8.998472461569278E-050
          63         117  1.093075250261402E-062 -1.093075788378463E-062
          63         126  1.615966312643857E-076 -1.615966562483222E-076
          63         135  1.355616944466262E-091 -1.355602148927500E-091
          63         144 -4.619876030698890E-105  4.619882372119191E-105
          72        -144 -6.476664020615666E-113 -6.476660822620598E-113
          72        -135 -1.563982007057907E-098 -1.563982150234067E-098
          72        -126  1.465033960575367E-085  1.465267375220962E-085
          72        -117  3.593679592771932E-069  3.593702026421104E-069
          72        -108  4.028231029582209E-054  4.028256880231443E-054
          72         -99  9.501667997172477E-040  9.501698540504563E-040
          72         -90  1.732421822847911E-026  1.732425043587715E-026
          72         -81  5.019050300427376E-015  5.019052041183783E-015
          72         -72  2.496598335882896E-006  2.496599151176467E-006
          72         -63  0.166197065390063       0.166201095264201     
          72         -54   3.31685042161408        3.60160476758438     
          72         -45   7.52633634998928        11.8506768413203     
          72         -36   8.42498856751223        19.9316466298900     
          72         -27   3.43148019816767        24.7344193091966     
          72         -18  -5.21997942485629        26.7240512337152     
          72          -9  -7.64238994480217        23.4498339987053     
          72           0  4.147073309757054E-016   19.8876522333952     
          72           9   7.64238994480223        23.4498339987053     
          72          18   5.21997942485619        26.7240512337152     
          72          27  -3.43148019816768        24.7344193091966     
          72          36  -8.42498856751220        19.9316466298900     
          72          45  -7.52633634998923        11.8506768413203     
          72          54  -3.31685042161409        3.60160476758437     
          72          63 -0.166197065390060       0.166201095264204     
          72          72 -2.496598335882935E-006  2.496599151176387E-006
          72          81 -5.019050300426906E-015  5.019052041184273E-015
          72          90 -1.732421823981755E-026  1.732425040358090E-026
          72          99 -9.501669314924321E-040  9.501688223591787E-040
          72         108 -4.028230797066838E-054  4.028254789061052E-054
          72         117 -3.593680077038889E-069  3.593698791576826E-069
          72         126 -1.465028050951941E-085  1.465288380026377E-085
          72         135  1.563982848911433E-098 -1.563981634621739E-098
          72         144  6.476664413777279E-113 -6.476658648777940E-113
          81        -144 -4.880728787585096E-123 -4.879780107991883E-123
          81        -135  2.443568988318497E-106  2.443598747266948E-106
          81        -126  3.336760372670626E-091  3.336781266617872E-091
          81        -117  2.263099396918667E-076  2.263107148563685E-076
          81        -108  5.655107668826097E-062  5.655115222298995E-062
          81         -99  3.165130043945596E-048  3.165134033919690E-048
          81         -90  1.912672920666304E-035  1.912673630752208E-035
          81         -81  4.826751801357652E-024  4.826753617538568E-024
          81         -72  1.957043204392019E-014  1.957043429648764E-014
          81         -63  5.051149788191036E-007  5.051151137361981E-007
          81         -54  2.382249751209728E-002  2.382351036281730E-002
          81         -45   1.27325979523175        1.32086511719303     
          81         -36   2.66649296326541        5.25148497747320     
          81         -27  0.865394756576554        8.77331386502893     
          81         -18  -2.75901815332344        6.88882303223257     
          81          -9  -2.04010714788892        2.09980553147269     
          81           0  1.544988095813932E-016  5.970699748229242E-002
          81           9   2.04010714788895        2.09980553147270     
          81          18   2.75901815332338        6.88882303223260     
          81          27 -0.865394756576578        8.77331386502897     
          81          36  -2.66649296326539        5.25148497747322     
          81          45  -1.27325979523175        1.32086511719302     
          81          54 -2.382249751209708E-002  2.382351036281734E-002
          81          63 -5.051149788191426E-007  5.051151137361711E-007
          81          72 -1.957043204391917E-014  1.957043429648880E-014
          81          81 -4.826751801277824E-024  4.826753617827216E-024
          81          90 -1.912675327337010E-035  1.912672886294643E-035
          81          99 -3.165129127914366E-048  3.165134010424121E-048
          81         108 -5.655107648298132E-062  5.655115901309001E-062
          81         117 -2.263099743905169E-076  2.263106531362528E-076
          81         126 -3.336761971944274E-091  3.336779558644442E-091
          81         135 -2.443568776823846E-106  2.443597973762152E-106
          81         144  4.880815956856920E-123 -4.879617412552409E-123
          90        -144  4.705048253866392E-129  4.705080861496515E-129
          90        -135  3.003435394652418E-114  3.003442939573778E-114
          90        -126  1.077647262633499E-099  1.077647902965204E-099
          90        -117  1.808815138561497E-085  1.808815282435707E-085
          90        -108  1.083017673997234E-071  1.083018682100215E-071
          90         -99  1.575645985990924E-058  1.575646518976149E-058
          90         -90  3.378643877471098E-046  3.378639094055382E-046
          90         -81  6.139655526038649E-035  6.139649954927001E-035
          90         -72  5.520782072392874E-025  5.520783288435056E-025
          90         -63  1.387920094225849E-016  1.387920229091660E-016
          90         -54  5.520386566210799E-010  5.520390296011901E-010
          90         -45  2.058754387135244E-005  2.058865070437566E-005
          90         -36  4.547248786867910E-003  4.588426463723935E-003
          90         -27  4.849613703314135E-004  9.620646158003641E-003
          90         -18 -5.048619504009998E-003  5.056997337927198E-003
          90          -9 -4.189542675446635E-006  4.189547495919006E-006
          90           0  2.208810532027153E-027  5.027827061362312E-012
          90           9  4.189542675446857E-006  4.189547495918902E-006
          90          18  5.048619504009933E-003  5.056997337927265E-003
          90          27 -4.849613703312805E-004  9.620646158003657E-003
          90          36 -4.547248786868062E-003  4.588426463723883E-003
          90          45 -2.058754387135219E-005  2.058865070437605E-005
          90          54 -5.520386566210868E-010  5.520390296011738E-010
          90          63 -1.387920094225788E-016  1.387920229091703E-016
          90          72 -5.520782073345914E-025  5.520783288432500E-025
          90          81 -6.139642869679654E-035  6.139647531118397E-035
          90          90 -3.378638898115206E-046  3.378647490955924E-046
          90          99 -1.575646287397553E-058  1.575646635443841E-058
          90         108 -1.083017061522705E-071  1.083019283944924E-071
          90         117 -1.808815677743655E-085  1.808814674542280E-085
          90         126 -1.077645366944698E-099  1.077650487691100E-099
          90         135 -3.003435608692409E-114  3.003441798415759E-114
          90         144 -4.705041591772726E-129  4.705095546669964E-129
          99        -144  8.816860183755356E-138  8.816875036537670E-138
          99        -135  1.757088863413233E-123  1.757096938687365E-123
          99        -126  1.817271931227531E-109  1.817277020462899E-109
          99        -117  8.251971171359454E-096  8.251985620262152E-096
          99        -108  1.313939045589188E-082  1.313938214077155E-082
          99         -99  5.493694926500600E-070  5.493696310831743E-070
          99         -90  4.293361529643467E-058  4.293363549283546E-058
          99         -81  4.351286908910610E-047  4.351287780830585E-047
          99         -72  3.806983912323513E-037  3.806976841223316E-037
          99         -63  1.804101194167435E-028  1.804101639750804E-028
          99         -54  2.740848305873857E-021  2.740848946155236E-021
          99         -45  6.203055462842614E-016  6.203111855409893E-016
          99         -36  4.878835157536735E-013  4.891243345448090E-013
          99         -27 -3.606793714496141E-013  6.163300035296054E-013
          99         -18 -1.278245158903718E-013  1.278274675554289E-013
          99          -9 -1.490126136493821E-018  1.490125950283019E-018
          99           0 -2.591680210032071E-036  1.974867350921416E-026
          99           9  1.490126136493728E-018  1.490125950283018E-018
          99          18  1.278245158903825E-013  1.278274675554238E-013
          99          27  3.606793714496415E-013  6.163300035296102E-013
          99          36 -4.878835157536247E-013  4.891243345448191E-013
          99          45 -6.203055462843233E-016  6.203111855409584E-016
          99          54 -2.740848305873548E-021  2.740848946155438E-021
          99          63 -1.804101212849917E-028  1.804101578704571E-028
          99          72 -3.806977762333950E-037  3.806978223087831E-037
          99          81 -4.351288228313287E-047  4.351285614326723E-047
          99          90 -4.293361587935181E-058  4.293362845166499E-058
          99          99 -5.493691250377847E-070  5.493697628274143E-070
          99         108 -1.313936711567928E-082  1.313941706766174E-082
          99         117 -8.251970193382127E-096  8.251981600911494E-096
          99         126 -1.817274301336440E-109  1.817272255267093E-109
          99         135 -1.757087710568863E-123  1.757098512873964E-123
          99         144 -8.816856889117783E-138  8.816876382968009E-138
         108        -144  1.693793330636073E-147  1.693795637113249E-147
         108        -135  1.129979557761772E-133  1.129977487655406E-133
         108        -126  3.672494893694752E-120  3.672504256548742E-120
         108        -117  5.006330645761147E-107  5.006309645079123E-107
         108        -108  2.376805545925708E-094  2.376810543233010E-094
         108         -99  3.151094523278034E-082  3.151094305724319E-082
         108         -90  9.079498936739867E-071  9.079496727010724E-071
         108         -81  4.252145999789393E-060  4.252142387846382E-060
         108         -72  2.265078471101638E-050  2.265079163249011E-050
         108         -63  8.824173027805930E-042  8.824173504968845E-042
         108         -54  1.356813002292847E-034  1.356813516574494E-034
         108         -45  2.753261338623066E-029  2.753289064699158E-029
         108         -36  9.943334548098717E-027  9.998409582442587E-027
         108         -27 -9.553321150827362E-027  1.038845377771023E-026
         108         -18 -4.175766764046276E-028  4.175774018867081E-028
         108          -9 -4.516534540297180E-034  4.516534156708931E-034
         108           0  2.011288167920863E-050  5.507398147456205E-043
         108           9  4.516535088009626E-034  4.516534243155987E-034
         108          18  4.175766769055523E-028  4.175774099545977E-028
         108          27  9.553321149270341E-027  1.038845378535205E-026
         108          36 -9.943334551224350E-027  9.998409581976187E-027
         108          45 -2.753261338190588E-029  2.753289060664777E-029
         108          54 -1.356813807769638E-034  1.356813497004606E-034
         108          63 -8.824174121514847E-042  8.824173464336717E-042
         108          72 -2.265079861826904E-050  2.265077964483454E-050
         108          81 -4.252141126890423E-060  4.252146074917791E-060
         108          90 -9.079492675053390E-071  9.079499117613828E-071
         108          99 -3.151099603130750E-082  3.151091344998495E-082
         108         108 -2.376806909727216E-094  2.376808497459816E-094
         108         117 -5.006315683601896E-107  5.006324681055432E-107
         108         126 -3.672498316033051E-120  3.672498972920343E-120
         108         135 -1.129977647479309E-133  1.129979807494336E-133
         108         144 -1.693793279330312E-147  1.693795790673272E-147
         117        -144  5.612311571261308E-158  5.612313078842466E-158
         117        -135  1.350087038628074E-144  1.350085452712744E-144
         117        -126  1.509953431589353E-131  1.509956245095424E-131
         117        -117  6.868520888802309E-119  6.868512116368358E-119
         117        -108  1.086496167096448E-106  1.086498505761527E-106
         117         -99  4.993372286757826E-095  4.993376015659899E-095
         117         -90  5.402921486358828E-084  5.402926487011432E-084
         117         -81  1.059421926984278E-073  1.059421445009115E-073
         117         -72  2.683906735905179E-064  2.683909606234384E-064
         117         -63  5.525698451819424E-056  5.525692349280961E-056
         117         -54  4.384152947692999E-049  4.384154741388692E-049
         117         -45  3.479626472253897E-044  3.479713865741367E-044
         117         -36  2.920061966492635E-042  2.989660568423332E-042
         117         -27 -2.935752667346321E-042  2.973980337658210E-042
         117         -18 -1.911647622446158E-044  1.911647316884779E-044
         117          -9 -3.691974074856737E-051  3.691975360656229E-051
         117           0 -4.193750114524276E-069  1.051181393010123E-060
         117           9  3.691976609942670E-051  3.691974411528872E-051
         117          18  1.911647114934316E-044  1.911647317588151E-044
         117          27  2.935753088281927E-042  2.973980457797630E-042
         117          36 -2.920062817146829E-042  2.989660685832829E-042
         117          45 -3.479624240495727E-044  3.479713593447258E-044
         117          54 -4.384154601654732E-049  4.384154210703581E-049
         117          63 -5.525697727693312E-056  5.525692106635724E-056
         117          72 -2.683909384509160E-064  2.683908317471906E-064
         117          81 -1.059422050856509E-073  1.059421417161546E-073
         117          90 -5.402927614468705E-084  5.402922604705169E-084
         117          99 -4.993384306685024E-095  4.993366617699568E-095
         117         108 -1.086496060073902E-106  1.086497626001186E-106
         117         117 -6.868522391709896E-119  6.868511182357387E-119
         117         126 -1.509953216975935E-131  1.509955474328692E-131
         117         135 -1.350085776984004E-144  1.350087167638608E-144
         117         144 -5.612311712712093E-158  5.612312466621864E-158
         126        -144  4.600844511663202E-169  4.600847402660067E-169
         126        -135  4.298218993711341E-156  4.298226714358181E-156
         126        -126  1.806192051862519E-143  1.806188859327552E-143
         126        -117  3.026120721858055E-131  3.026136171827768E-131
         126        -108  1.761425561960186E-119  1.761427350153029E-119
         126         -99  3.036229082295634E-108  3.036227905207568E-108
         126         -90  1.274775151754014E-097  1.274776785678451E-097
         126         -81  1.012478964011498E-087  1.012479103131995E-087
         126         -72  1.079181817781604E-078  1.079181660547489E-078
         126         -63  9.210829340214314E-071  9.210817959428341E-071
         126         -54  2.615806380979981E-064  2.615810142562942E-064
         126         -45  5.405069869457702E-060  5.405596004422398E-060
         126         -36  7.731761881397421E-059  8.812865197846328E-059
         126         -27 -8.263458819227907E-059  8.281209048143181E-059
         126         -18 -8.877293128754803E-062  8.877293084851240E-062
         126          -9 -4.379718751602086E-069  4.379718784743469E-069
         126           0 -4.064536696149435E-086  4.784449141333029E-079
         126           9  4.379724053849243E-069  4.379717844495982E-069
         126          18  8.877295283546864E-062  8.877291002924907E-062
         126          27  8.263456630771697E-059  8.281209273401239E-059
         126          36 -7.731746638554586E-059  8.812865526746027E-059
         126          45 -5.405065962512957E-060  5.405597020200440E-060
         126          54 -2.615803003746688E-064  2.615811951580909E-064
         126          63 -9.210823258666092E-071  9.210820003901582E-071
         126          72 -1.079180963871116E-078  1.079182241615326E-078
         126          81 -1.012480356187900E-087  1.012478475957790E-087
         126          90 -1.274774933769014E-097  1.274777102311622E-097
         126          99 -3.036228037570213E-108  3.036227586876563E-108
         126         108 -1.761424123462635E-119  1.761428389160463E-119
         126         117 -3.026136735167163E-131  3.026121186467698E-131
         126         126 -1.806187367218472E-143  1.806193559680848E-143
         126         135 -4.298218069431588E-156  4.298227050892350E-156
         126         144 -4.600842506513343E-169  4.600849698397423E-169
         135        -144  1.212309736065975E-180  1.212312104203455E-180
         135        -135  4.718286894365825E-168  4.718291305304813E-168
         135        -126  8.073343354580695E-156  8.073341284006576E-156
         135        -117  5.434236597602905E-144  5.434243390465846E-144
         135        -108  1.266571185546591E-132  1.266570204023002E-132
         135         -99  8.776376796461609E-122  8.776378376199681E-122
         135         -90  1.491060212602491E-111  1.491061774278092E-111
         135         -81  4.803605278249188E-102  4.803602455401393E-102
         135         -72  2.028926412074409E-093  2.028923243379999E-093
         135         -63  6.239278336737281E-086  6.239291478650478E-086
         135         -54  5.151388895459571E-080  5.151407357262943E-080
         135         -45  2.259864071318628E-076  2.260892364738317E-076
         135         -36  3.488706197736119E-076  8.009506205744208E-076
         135         -27 -5.747971050179565E-076  5.750285171034311E-076
         135         -18 -1.156189393301889E-079  1.156189935306387E-079
         135          -9 -1.868191885150940E-087  1.868191445124469E-087
         135           0 -2.227466787415286E-104  1.058223516498464E-097
         135           9  1.868192259824888E-087  1.868191308333107E-087
         135          18  1.156190355873189E-079  1.156189787418240E-079
         135          27  5.747985674183851E-076  5.750283080806721E-076
         135          36 -3.488742051789774E-076  8.009504029646027E-076
         135          45 -2.259864949751861E-076  2.260892278705424E-076
         135          54 -5.151387875121722E-080  5.151407213088606E-080
         135          63 -6.239284269205462E-086  6.239289588704797E-086
         135          72 -2.028922964518849E-093  2.028924668901942E-093
         135          81 -4.803595784854738E-102  4.803606948308485E-102
         135          90 -1.491060393052590E-111  1.491060515691851E-111
         135          99 -8.776377717066928E-122  8.776376365813337E-122
         135         108 -1.266572299069053E-132  1.266570018652830E-132
         135         117 -5.434232472220090E-144  5.434247066901235E-144
         135         126 -8.073344337527818E-156  8.073339746888566E-156
         135         135 -4.718292886934739E-168  4.718285277797459E-168
         135         144 -1.212309684425114E-180  1.212311784410419E-180
         144        -144  1.248332163160958E-192  1.248329999655666E-192
         144        -135  2.157832463330584E-180  2.157840580106293E-180
         144        -126  1.613565817692970E-168  1.613566930578700E-168
         144        -117  4.696695402240520E-157  4.696695319970319E-157
         144        -108  4.702129235865425E-146  4.702144057785551E-146
         144         -99  1.390588254098266E-135  1.390584534086209E-135
         144         -90  9.970203195140914E-126  9.970208089632463E-126
         144         -81  1.318823074711497E-116  1.318825430171749E-116
         144         -72  2.132910385639519E-108  2.132906369299701E-108
         144         -63  2.161955946324106E-101  2.161958201976112E-101
         144         -54  4.594020152725770E-096  4.594061548683030E-096
         144         -45  3.897011009950318E-093  3.906199634970170E-093
         144         -36 -2.227658730482763E-093  5.575583616881187E-093
         144         -27 -1.673905148076243E-093  1.674051017775235E-093
         144         -18 -7.299592899707533E-098  7.299593558353530E-098
         144          -9 -4.683765372566355E-106  4.683767440998531E-106
         144           0 -1.109388084931008E-122  1.679001528523989E-116
         144           9  4.683769021347301E-106  4.683766595125592E-106
         144          18  7.299596013020204E-098  7.299592220468897E-098
         144          27  1.673908269892890E-093  1.674050576542944E-093
         144          36  2.227673523351372E-093  5.575582931748117E-093
         144          45 -3.897006566365950E-093  3.906199392318590E-093
         144          54 -4.594014672170815E-096  4.594062811271204E-096
         144          63 -2.161952173356013E-101  2.161959308832949E-101
         144          72 -2.132906192757632E-108  2.132907463293230E-108
         144          81 -1.318824561313313E-116  1.318824072901299E-116
         144          90 -9.970201765002122E-126  9.970208433748433E-126
         144          99 -1.390584067567323E-135  1.390587804740541E-135
         144         108 -4.702132804572789E-146  4.702141299352283E-146
         144         117 -4.696701785397438E-157  4.696690023405409E-157
         144         126 -1.613565341607937E-168  1.613567501392990E-168
         144         135 -2.157837208547489E-180  2.157835408255780E-180
         144         144 -1.248329820227776E-192  1.248332656779615E-192
